(43768, 43768)
(43768, 43413)
(43768, 43413)
(43768, 43058)
(43768, 43058)
(43768, 42704)
(43768, 42704)
(43768, 42349)
(43768, 42349)
(43768, 41994)
(43768, 41994)
(43768, 41639)
(43768, 41639)
(43768, 41284)
(43768, 41284)
(43768, 40929)
(43768, 40929)
(43768, 40574)
(43768, 40574)
(43768, 40220)
(43768, 40220)
(43768, 39865)
(43768, 39865)
(43768, 39510)
(43768, 39510)
(43768, 39155)
(43768, 39155)
(43768, 38800)
(43768, 38800)
(43768, 38445)
(43768, 38445)
(43768, 38090)
(43768, 38090)
(43768, 37736)
(43768, 37736)
(43768, 37381)
(43768, 37381)
(43768, 37026)
(43768, 37026)
(43768, 36671)
(43768, 36671)
(43768, 36316)
(43768, 36316)
(43768, 35961)
(43768, 35961)
(43768, 35606)
(43768, 35606)
(43768, 35252)
(43768, 35252)
(43768, 34897)
(43768, 34897)
(43768, 34542)
(43768, 34542)
(43768, 34187)
(43768, 34187)
(43768, 33832)
(43768, 33832)
(43768, 33477)
(43768, 33477)
(43768, 33122)
(43768, 33122)
(43768, 32768)
(43768, 32768)
(43768, 32413)
(43768, 32413)
(43768, 32058)
(43768, 32058)
(43768, 31703)
(43768, 31703)
(43768, 31348)
(43768, 31348)
(43768, 30993)
(43768, 30993)
(43768, 30638)
(43768, 30638)
(43768, 30283)
(43768, 30283)
(43768, 29929)
(43768, 29929)
(43768, 29574)
(43768, 29574)
(43768, 29219)
(43768, 29219)
(43768, 28864)
(43768, 28864)
(43768, 28509)
(43768, 28509)
(43768, 28154)
(43768, 28154)
(43768, 27799)
(43768, 27799)
(43768, 27445)
(43768, 27445)
(43768, 27090)
(43768, 27090)
(43768, 26735)
(43768, 26735)
(43768, 26380)
(43768, 26380)
(43768, 26025)
(43768, 26025)
(43768, 25670)
(43768, 25670)
(43768, 25315)
(43768, 25315)
(43768, 24961)
(43768, 24961)
(43768, 24606)
(43768, 24606)
(43768, 24251)
(43768, 24251)
(43768, 23896)
(43768, 23896)
(43768, 23541)
(43768, 23541)
(43768, 23186)
(43768, 23186)
(43768, 22831)
(43768, 22831)
(43768, 22477)
(43768, 22477)
(43768, 22122)
(43768, 22122)
(43768, 21767)
(43768, 21767)
(43413, 21767)
(43413, 21767)
(43058, 21767)
(43058, 21767)
(42704, 21767)
(42704, 21767)
(42349, 21767)
(42349, 21767)
(41994, 21767)
(41994, 21767)
(41639, 21767)
(41639, 21767)
(41284, 21767)
(41284, 21767)
(40929, 21767)
(40929, 21767)
(40574, 21767)
(40574, 21767)
(40220, 21767)
(40220, 21767)
(39865, 21767)
(39865, 21767)
(39510, 21767)
(39510, 21767)
(39155, 21767)
(39155, 21767)
(38800, 21767)
(38800, 21767)
(38445, 21767)
(38445, 21767)
(38090, 21767)
(38090, 21767)
(37736, 21767)
(37736, 21767)
(37381, 21767)
(37381, 21767)
(37026, 21767)
(37026, 21767)
(36671, 21767)
(36671, 21767)
(36316, 21767)
(36316, 21767)
(35961, 21767)
(35961, 21767)
(35606, 21767)
(35606, 21767)
(35252, 21767)
(35252, 21767)
(34897, 21767)
(34897, 21767)
(34542, 21767)
(34542, 21767)
(34187, 21767)
(34187, 21767)
(33832, 21767)
(33832, 21767)
(33477, 21767)
(33477, 21767)
(33122, 21767)
(33122, 21767)
(32768, 21767)
(32768, 21767)
(32413, 21767)
(32413, 21767)
(32058, 21767)
(32058, 21767)
(31703, 21767)
(31703, 21767)
(31348, 21767)
(31348, 21767)
(30993, 21767)
(30993, 21767)
(30638, 21767)
(30638, 21767)
(30283, 21767)
(30283, 21767)
(29929, 21767)
(29929, 21767)
(29574, 21767)
(29574, 21767)
(29219, 21767)
(29219, 21767)
(28864, 21767)
(28864, 21767)
(28509, 21767)
(28509, 21767)
(28154, 21767)
(28154, 21767)
(27799, 21767)
(27799, 21767)
(27445, 21767)
(27445, 21767)
(27090, 21767)
(27090, 21767)
(26735, 21767)
(26735, 21767)
(26380, 21767)
(26380, 21767)
(26025, 21767)
(26025, 21767)
(25670, 21767)
(25670, 21767)
(25315, 21767)
(25315, 21767)
(24961, 21767)
(24961, 21767)
(24606, 21767)
(24606, 21767)
(24251, 21767)
(24251, 21767)
(23896, 21767)
(23896, 21767)
(23541, 21767)
(23541, 21767)
(23186, 21767)
(23186, 21767)
(22831, 21767)
(22831, 21767)
(22477, 21767)
(22477, 21767)
(22122, 21767)
(22122, 21767)
(21767, 21767)
(21767, 21767)
(21767, 22122)
(21767, 22122)
(21767, 22477)
(21767, 22477)
(21767, 22831)
(21767, 22831)
(21767, 23186)
(21767, 23186)
(21767, 23541)
(21767, 23541)
(21767, 23896)
(21767, 23896)
(21767, 24251)
(21767, 24251)
(21767, 24606)
(21767, 24606)
(21767, 24961)
(21767, 24961)
(21767, 25315)
(21767, 25315)
(21767, 25670)
(21767, 25670)
(21767, 26025)
(21767, 26025)
(21767, 26380)
(21767, 26380)
(21767, 26735)
(21767, 26735)
(21767, 27090)
(21767, 27090)
(21767, 27445)
(21767, 27445)
(21767, 27799)
(21767, 27799)
(21767, 28154)
(21767, 28154)
(21767, 28509)
(21767, 28509)
(21767, 28864)
(21767, 28864)
(21767, 29219)
(21767, 29219)
(21767, 29574)
(21767, 29574)
(21767, 29929)
(21767, 29929)
(21767, 30283)
(21767, 30283)
(21767, 30638)
(21767, 30638)
(21767, 30993)
(21767, 30993)
(21767, 31348)
(21767, 31348)
(21767, 31703)
(21767, 31703)
(21767, 32058)
(21767, 32058)
(21767, 32413)
(21767, 32413)
(21767, 32768)
(21767, 32768)
(21767, 33122)
(21767, 33122)
(21767, 33477)
(21767, 33477)
(21767, 33832)
(21767, 33832)
(21767, 34187)
(21767, 34187)
(21767, 34542)
(21767, 34542)
(21767, 34897)
(21767, 34897)
(21767, 35252)
(21767, 35252)
(21767, 35606)
(21767, 35606)
(21767, 35961)
(21767, 35961)
(21767, 36316)
(21767, 36316)
(21767, 36671)
(21767, 36671)
(21767, 37026)
(21767, 37026)
(21767, 37381)
(21767, 37381)
(21767, 37736)
(21767, 37736)
(21767, 38090)
(21767, 38090)
(21767, 38445)
(21767, 38445)
(21767, 38800)
(21767, 38800)
(21767, 39155)
(21767, 39155)
(21767, 39510)
(21767, 39510)
(21767, 39865)
(21767, 39865)
(21767, 40220)
(21767, 40220)
(21767, 40574)
(21767, 40574)
(21767, 40929)
(21767, 40929)
(21767, 41284)
(21767, 41284)
(21767, 41639)
(21767, 41639)
(21767, 41994)
(21767, 41994)
(21767, 42349)
(21767, 42349)
(21767, 42704)
(21767, 42704)
(21767, 43058)
(21767, 43058)
(21767, 43413)
(21767, 43413)
(21767, 43768)
(21767, 43768)
(22122, 43768)
(22122, 43768)
(22477, 43768)
(22477, 43768)
(22831, 43768)
(22831, 43768)
(23186, 43768)
(23186, 43768)
(23541, 43768)
(23541, 43768)
(23896, 43768)
(23896, 43768)
(24251, 43768)
(24251, 43768)
(24606, 43768)
(24606, 43768)
(24961, 43768)
(24961, 43768)
(25315, 43768)
(25315, 43768)
(25670, 43768)
(25670, 43768)
(26025, 43768)
(26025, 43768)
(26380, 43768)
(26380, 43768)
(26735, 43768)
(26735, 43768)
(27090, 43768)
(27090, 43768)
(27445, 43768)
(27445, 43768)
(27799, 43768)
(27799, 43768)
(28154, 43768)
(28154, 43768)
(28509, 43768)
(28509, 43768)
(28864, 43768)
(28864, 43768)
(29219, 43768)
(29219, 43768)
(29574, 43768)
(29574, 43768)
(29929, 43768)
(29929, 43768)
(30283, 43768)
(30283, 43768)
(30638, 43768)
(30638, 43768)
(30993, 43768)
(30993, 43768)
(31348, 43768)
(31348, 43768)
(31703, 43768)
(31703, 43768)
(32058, 43768)
(32058, 43768)
(32413, 43768)
(32413, 43768)
(32768, 43768)
(32768, 43768)
(33122, 43768)
(33122, 43768)
(33477, 43768)
(33477, 43768)
(33832, 43768)
(33832, 43768)
(34187, 43768)
(34187, 43768)
(34542, 43768)
(34542, 43768)
(34897, 43768)
(34897, 43768)
(35252, 43768)
(35252, 43768)
(35606, 43768)
(35606, 43768)
(35961, 43768)
(35961, 43768)
(36316, 43768)
(36316, 43768)
(36671, 43768)
(36671, 43768)
(37026, 43768)
(37026, 43768)
(37381, 43768)
(37381, 43768)
(37736, 43768)
(37736, 43768)
(38090, 43768)
(38090, 43768)
(38445, 43768)
(38445, 43768)
(38800, 43768)
(38800, 43768)
(39155, 43768)
(39155, 43768)
(39510, 43768)
(39510, 43768)
(39865, 43768)
(39865, 43768)
(40220, 43768)
(40220, 43768)
(40574, 43768)
(40574, 43768)
(40929, 43768)
(40929, 43768)
(41284, 43768)
(41284, 43768)
(41639, 43768)
(41639, 43768)
(41994, 43768)
(41994, 43768)
(42349, 43768)
(42349, 43768)
(42704, 43768)
(42704, 43768)
(43058, 43768)
(43058, 43768)
(43413, 43768)
(43413, 43768)
(43768, 43768)
(44236, 44236)
(44236, 43883)
(44236, 43883)
(44236, 43531)
(44236, 43531)
(44236, 43178)
(44236, 43178)
(44236, 42825)
(44236, 42825)
(44236, 42472)
(44236, 42472)
(44236, 42119)
(44236, 42119)
(44236, 41766)
(44236, 41766)
(44236, 41413)
(44236, 41413)
(44236, 41060)
(44236, 41060)
(44236, 40707)
(44236, 40707)
(44236, 40355)
(44236, 40355)
(44236, 40002)
(44236, 40002)
(44236, 39649)
(44236, 39649)
(44236, 39296)
(44236, 39296)
(44236, 38943)
(44236, 38943)
(44236, 38590)
(44236, 38590)
(44236, 38237)
(44236, 38237)
(44236, 37884)
(44236, 37884)
(44236, 37531)
(44236, 37531)
(44236, 37179)
(44236, 37179)
(44236, 36826)
(44236, 36826)
(44236, 36473)
(44236, 36473)
(44236, 36120)
(44236, 36120)
(44236, 35767)
(44236, 35767)
(44236, 35414)
(44236, 35414)
(44236, 35061)
(44236, 35061)
(44236, 34708)
(44236, 34708)
(44236, 34355)
(44236, 34355)
(44236, 34003)
(44236, 34003)
(44236, 33650)
(44236, 33650)
(44236, 33297)
(44236, 33297)
(44236, 32944)
(44236, 32944)
(44236, 32591)
(44236, 32591)
(44236, 32238)
(44236, 32238)
(44236, 31885)
(44236, 31885)
(44236, 31532)
(44236, 31532)
(44236, 31180)
(44236, 31180)
(44236, 30827)
(44236, 30827)
(44236, 30474)
(44236, 30474)
(44236, 30121)
(44236, 30121)
(44236, 29768)
(44236, 29768)
(44236, 29415)
(44236, 29415)
(44236, 29062)
(44236, 29062)
(44236, 28709)
(44236, 28709)
(44236, 28356)
(44236, 28356)
(44236, 28004)
(44236, 28004)
(44236, 27651)
(44236, 27651)
(44236, 27298)
(44236, 27298)
(44236, 26945)
(44236, 26945)
(44236, 26592)
(44236, 26592)
(44236, 26239)
(44236, 26239)
(44236, 25886)
(44236, 25886)
(44236, 25533)
(44236, 25533)
(44236, 25180)
(44236, 25180)
(44236, 24828)
(44236, 24828)
(44236, 24475)
(44236, 24475)
(44236, 24122)
(44236, 24122)
(44236, 23769)
(44236, 23769)
(44236, 23416)
(44236, 23416)
(44236, 23063)
(44236, 23063)
(44236, 22710)
(44236, 22710)
(44236, 22357)
(44236, 22357)
(44236, 22004)
(44236, 22004)
(44236, 21652)
(44236, 21652)
(44236, 21299)
(44236, 21299)
(43883, 21299)
(43883, 21299)
(43531, 21299)
(43531, 21299)
(43178, 21299)
(43178, 21299)
(42825, 21299)
(42825, 21299)
(42472, 21299)
(42472, 21299)
(42119, 21299)
(42119, 21299)
(41766, 21299)
(41766, 21299)
(41413, 21299)
(41413, 21299)
(41060, 21299)
(41060, 21299)
(40707, 21299)
(40707, 21299)
(40355, 21299)
(40355, 21299)
(40002, 21299)
(40002, 21299)
(39649, 21299)
(39649, 21299)
(39296, 21299)
(39296, 21299)
(38943, 21299)
(38943, 21299)
(38590, 21299)
(38590, 21299)
(38237, 21299)
(38237, 21299)
(37884, 21299)
(37884, 21299)
(37531, 21299)
(37531, 21299)
(37179, 21299)
(37179, 21299)
(36826, 21299)
(36826, 21299)
(36473, 21299)
(36473, 21299)
(36120, 21299)
(36120, 21299)
(35767, 21299)
(35767, 21299)
(35414, 21299)
(35414, 21299)
(35061, 21299)
(35061, 21299)
(34708, 21299)
(34708, 21299)
(34355, 21299)
(34355, 21299)
(34003, 21299)
(34003, 21299)
(33650, 21299)
(33650, 21299)
(33297, 21299)
(33297, 21299)
(32944, 21299)
(32944, 21299)
(32591, 21299)
(32591, 21299)
(32238, 21299)
(32238, 21299)
(31885, 21299)
(31885, 21299)
(31532, 21299)
(31532, 21299)
(31180, 21299)
(31180, 21299)
(30827, 21299)
(30827, 21299)
(30474, 21299)
(30474, 21299)
(30121, 21299)
(30121, 21299)
(29768, 21299)
(29768, 21299)
(29415, 21299)
(29415, 21299)
(29062, 21299)
(29062, 21299)
(28709, 21299)
(28709, 21299)
(28356, 21299)
(28356, 21299)
(28004, 21299)
(28004, 21299)
(27651, 21299)
(27651, 21299)
(27298, 21299)
(27298, 21299)
(26945, 21299)
(26945, 21299)
(26592, 21299)
(26592, 21299)
(26239, 21299)
(26239, 21299)
(25886, 21299)
(25886, 21299)
(25533, 21299)
(25533, 21299)
(25180, 21299)
(25180, 21299)
(24828, 21299)
(24828, 21299)
(24475, 21299)
(24475, 21299)
(24122, 21299)
(24122, 21299)
(23769, 21299)
(23769, 21299)
(23416, 21299)
(23416, 21299)
(23063, 21299)
(23063, 21299)
(22710, 21299)
(22710, 21299)
(22357, 21299)
(22357, 21299)
(22004, 21299)
(22004, 21299)
(21652, 21299)
(21652, 21299)
(21299, 21299)
(21299, 21299)
(21299, 21652)
(21299, 21652)
(21299, 22004)
(21299, 22004)
(21299, 22357)
(21299, 22357)
(21299, 22710)
(21299, 22710)
(21299, 23063)
(21299, 23063)
(21299, 23416)
(21299, 23416)
(21299, 23769)
(21299, 23769)
(21299, 24122)
(21299, 24122)
(21299, 24475)
(21299, 24475)
(21299, 24828)
(21299, 24828)
(21299, 25180)
(21299, 25180)
(21299, 25533)
(21299, 25533)
(21299, 25886)
(21299, 25886)
(21299, 26239)
(21299, 26239)
(21299, 26592)
(21299, 26592)
(21299, 26945)
(21299, 26945)
(21299, 27298)
(21299, 27298)
(21299, 27651)
(21299, 27651)
(21299, 28004)
(21299, 28004)
(21299, 28356)
(21299, 28356)
(21299, 28709)
(21299, 28709)
(21299, 29062)
(21299, 29062)
(21299, 29415)
(21299, 29415)
(21299, 29768)
(21299, 29768)
(21299, 30121)
(21299, 30121)
(21299, 30474)
(21299, 30474)
(21299, 30827)
(21299, 30827)
(21299, 31180)
(21299, 31180)
(21299, 31532)
(21299, 31532)
(21299, 31885)
(21299, 31885)
(21299, 32238)
(21299, 32238)
(21299, 32591)
(21299, 32591)
(21299, 32944)
(21299, 32944)
(21299, 33297)
(21299, 33297)
(21299, 33650)
(21299, 33650)
(21299, 34003)
(21299, 34003)
(21299, 34355)
(21299, 34355)
(21299, 34708)
(21299, 34708)
(21299, 35061)
(21299, 35061)
(21299, 35414)
(21299, 35414)
(21299, 35767)
(21299, 35767)
(21299, 36120)
(21299, 36120)
(21299, 36473)
(21299, 36473)
(21299, 36826)
(21299, 36826)
(21299, 37179)
(21299, 37179)
(21299, 37531)
(21299, 37531)
(21299, 37884)
(21299, 37884)
(21299, 38237)
(21299, 38237)
(21299, 38590)
(21299, 38590)
(21299, 38943)
(21299, 38943)
(21299, 39296)
(21299, 39296)
(21299, 39649)
(21299, 39649)
(21299, 40002)
(21299, 40002)
(21299, 40355)
(21299, 40355)
(21299, 40707)
(21299, 40707)
(21299, 41060)
(21299, 41060)
(21299, 41413)
(21299, 41413)
(21299, 41766)
(21299, 41766)
(21299, 42119)
(21299, 42119)
(21299, 42472)
(21299, 42472)
(21299, 42825)
(21299, 42825)
(21299, 43178)
(21299, 43178)
(21299, 43531)
(21299, 43531)
(21299, 43883)
(21299, 43883)
(21299, 44236)
(21299, 44236)
(21652, 44236)
(21652, 44236)
(22004, 44236)
(22004, 44236)
(22357, 44236)
(22357, 44236)
(22710, 44236)
(22710, 44236)
(23063, 44236)
(23063, 44236)
(23416, 44236)
(23416, 44236)
(23769, 44236)
(23769, 44236)
(24122, 44236)
(24122, 44236)
(24475, 44236)
(24475, 44236)
(24828, 44236)
(24828, 44236)
(25180, 44236)
(25180, 44236)
(25533, 44236)
(25533, 44236)
(25886, 44236)
(25886, 44236)
(26239, 44236)
(26239, 44236)
(26592, 44236)
(26592, 44236)
(26945, 44236)
(26945, 44236)
(27298, 44236)
(27298, 44236)
(27651, 44236)
(27651, 44236)
(28004, 44236)
(28004, 44236)
(28356, 44236)
(28356, 44236)
(28709, 44236)
(28709, 44236)
(29062, 44236)
(29062, 44236)
(29415, 44236)
(29415, 44236)
(29768, 44236)
(29768, 44236)
(30121, 44236)
(30121, 44236)
(30474, 44236)
(30474, 44236)
(30827, 44236)
(30827, 44236)
(31180, 44236)
(31180, 44236)
(31532, 44236)
(31532, 44236)
(31885, 44236)
(31885, 44236)
(32238, 44236)
(32238, 44236)
(32591, 44236)
(32591, 44236)
(32944, 44236)
(32944, 44236)
(33297, 44236)
(33297, 44236)
(33650, 44236)
(33650, 44236)
(34003, 44236)
(34003, 44236)
(34355, 44236)
(34355, 44236)
(34708, 44236)
(34708, 44236)
(35061, 44236)
(35061, 44236)
(35414, 44236)
(35414, 44236)
(35767, 44236)
(35767, 44236)
(36120, 44236)
(36120, 44236)
(36473, 44236)
(36473, 44236)
(36826, 44236)
(36826, 44236)
(37179, 44236)
(37179, 44236)
(37531, 44236)
(37531, 44236)
(37884, 44236)
(37884, 44236)
(38237, 44236)
(38237, 44236)
(38590, 44236)
(38590, 44236)
(38943, 44236)
(38943, 44236)
(39296, 44236)
(39296, 44236)
(39649, 44236)
(39649, 44236)
(40002, 44236)
(40002, 44236)
(40355, 44236)
(40355, 44236)
(40707, 44236)
(40707, 44236)
(41060, 44236)
(41060, 44236)
(41413, 44236)
(41413, 44236)
(41766, 44236)
(41766, 44236)
(42119, 44236)
(42119, 44236)
(42472, 44236)
(42472, 44236)
(42825, 44236)
(42825, 44236)
(43178, 44236)
(43178, 44236)
(43531, 44236)
(43531, 44236)
(43883, 44236)
(43883, 44236)
(44236, 44236)
(43323, 43323)
(42972, 43323)
(42972, 43323)
(42620, 43323)
(42620, 43323)
(42268, 43323)
(42268, 43323)
(41916, 43323)
(41916, 43323)
(41564, 43323)
(41564, 43323)
(41212, 43323)
(41212, 43323)
(40860, 43323)
(40860, 43323)
(40509, 43323)
(40509, 43323)
(40157, 43323)
(40157, 43323)
(39805, 43323)
(39805, 43323)
(39453, 43323)
(39453, 43323)
(39101, 43323)
(39101, 43323)
(38749, 43323)
(38749, 43323)
(38397, 43323)
(38397, 43323)
(38045, 43323)
(38045, 43323)
(37694, 43323)
(37694, 43323)
(37342, 43323)
(37342, 43323)
(36990, 43323)
(36990, 43323)
(36638, 43323)
(36638, 43323)
(36286, 43323)
(36286, 43323)
(35934, 43323)
(35934, 43323)
(35582, 43323)
(35582, 43323)
(35231, 43323)
(35231, 43323)
(34879, 43323)
(34879, 43323)
(34527, 43323)
(34527, 43323)
(34175, 43323)
(34175, 43323)
(33823, 43323)
(33823, 43323)
(33471, 43323)
(33471, 43323)
(33119, 43323)
(33119, 43323)
(32768, 43323)
(32768, 43323)
(32416, 43323)
(32416, 43323)
(32064, 43323)
(32064, 43323)
(31712, 43323)
(31712, 43323)
(31360, 43323)
(31360, 43323)
(31008, 43323)
(31008, 43323)
(30656, 43323)
(30656, 43323)
(30304, 43323)
(30304, 43323)
(29953, 43323)
(29953, 43323)
(29601, 43323)
(29601, 43323)
(29249, 43323)
(29249, 43323)
(28897, 43323)
(28897, 43323)
(28545, 43323)
(28545, 43323)
(28193, 43323)
(28193, 43323)
(27841, 43323)
(27841, 43323)
(27490, 43323)
(27490, 43323)
(27138, 43323)
(27138, 43323)
(26786, 43323)
(26786, 43323)
(26434, 43323)
(26434, 43323)
(26082, 43323)
(26082, 43323)
(25730, 43323)
(25730, 43323)
(25378, 43323)
(25378, 43323)
(25026, 43323)
(25026, 43323)
(24675, 43323)
(24675, 43323)
(24323, 43323)
(24323, 43323)
(23971, 43323)
(23971, 43323)
(23619, 43323)
(23619, 43323)
(23267, 43323)
(23267, 43323)
(22915, 43323)
(22915, 43323)
(22563, 43323)
(22563, 43323)
(22212, 43323)
(22212, 43323)
(22212, 42972)
(22212, 42972)
(22212, 42620)
(22212, 42620)
(22212, 42268)
(22212, 42268)
(22212, 41916)
(22212, 41916)
(22212, 41564)
(22212, 41564)
(22212, 41212)
(22212, 41212)
(22212, 40860)
(22212, 40860)
(22212, 40509)
(22212, 40509)
(22212, 40157)
(22212, 40157)
(22212, 39805)
(22212, 39805)
(22212, 39453)
(22212, 39453)
(22212, 39101)
(22212, 39101)
(22212, 38749)
(22212, 38749)
(22212, 38397)
(22212, 38397)
(22212, 38045)
(22212, 38045)
(22212, 37694)
(22212, 37694)
(22212, 37342)
(22212, 37342)
(22212, 36990)
(22212, 36990)
(22212, 36638)
(22212, 36638)
(22212, 36286)
(22212, 36286)
(22212, 35934)
(22212, 35934)
(22212, 35582)
(22212, 35582)
(22212, 35231)
(22212, 35231)
(22212, 34879)
(22212, 34879)
(22212, 34527)
(22212, 34527)
(22212, 34175)
(22212, 34175)
(22212, 33823)
(22212, 33823)
(22212, 33471)
(22212, 33471)
(22212, 33119)
(22212, 33119)
(22212, 32768)
(22212, 32768)
(22212, 32416)
(22212, 32416)
(22212, 32064)
(22212, 32064)
(22212, 31712)
(22212, 31712)
(22212, 31360)
(22212, 31360)
(22212, 31008)
(22212, 31008)
(22212, 30656)
(22212, 30656)
(22212, 30304)
(22212, 30304)
(22212, 29953)
(22212, 29953)
(22212, 29601)
(22212, 29601)
(22212, 29249)
(22212, 29249)
(22212, 28897)
(22212, 28897)
(22212, 28545)
(22212, 28545)
(22212, 28193)
(22212, 28193)
(22212, 27841)
(22212, 27841)
(22212, 27490)
(22212, 27490)
(22212, 27138)
(22212, 27138)
(22212, 26786)
(22212, 26786)
(22212, 26434)
(22212, 26434)
(22212, 26082)
(22212, 26082)
(22212, 25730)
(22212, 25730)
(22212, 25378)
(22212, 25378)
(22212, 25026)
(22212, 25026)
(22212, 24675)
(22212, 24675)
(22212, 24323)
(22212, 24323)
(22212, 23971)
(22212, 23971)
(22212, 23619)
(22212, 23619)
(22212, 23267)
(22212, 23267)
(22212, 22915)
(22212, 22915)
(22212, 22563)
(22212, 22563)
(22212, 22212)
(22212, 22212)
(22563, 22212)
(22563, 22212)
(22915, 22212)
(22915, 22212)
(23267, 22212)
(23267, 22212)
(23619, 22212)
(23619, 22212)
(23971, 22212)
(23971, 22212)
(24323, 22212)
(24323, 22212)
(24675, 22212)
(24675, 22212)
(25026, 22212)
(25026, 22212)
(25378, 22212)
(25378, 22212)
(25730, 22212)
(25730, 22212)
(26082, 22212)
(26082, 22212)
(26434, 22212)
(26434, 22212)
(26786, 22212)
(26786, 22212)
(27138, 22212)
(27138, 22212)
(27490, 22212)
(27490, 22212)
(27841, 22212)
(27841, 22212)
(28193, 22212)
(28193, 22212)
(28545, 22212)
(28545, 22212)
(28897, 22212)
(28897, 22212)
(29249, 22212)
(29249, 22212)
(29601, 22212)
(29601, 22212)
(29953, 22212)
(29953, 22212)
(30304, 22212)
(30304, 22212)
(30656, 22212)
(30656, 22212)
(31008, 22212)
(31008, 22212)
(31360, 22212)
(31360, 22212)
(31712, 22212)
(31712, 22212)
(32064, 22212)
(32064, 22212)
(32416, 22212)
(32416, 22212)
(32768, 22212)
(32768, 22212)
(33119, 22212)
(33119, 22212)
(33471, 22212)
(33471, 22212)
(33823, 22212)
(33823, 22212)
(34175, 22212)
(34175, 22212)
(34527, 22212)
(34527, 22212)
(34879, 22212)
(34879, 22212)
(35231, 22212)
(35231, 22212)
(35582, 22212)
(35582, 22212)
(35934, 22212)
(35934, 22212)
(36286, 22212)
(36286, 22212)
(36638, 22212)
(36638, 22212)
(36990, 22212)
(36990, 22212)
(37342, 22212)
(37342, 22212)
(37694, 22212)
(37694, 22212)
(38045, 22212)
(38045, 22212)
(38397, 22212)
(38397, 22212)
(38749, 22212)
(38749, 22212)
(39101, 22212)
(39101, 22212)
(39453, 22212)
(39453, 22212)
(39805, 22212)
(39805, 22212)
(40157, 22212)
(40157, 22212)
(40509, 22212)
(40509, 22212)
(40860, 22212)
(40860, 22212)
(41212, 22212)
(41212, 22212)
(41564, 22212)
(41564, 22212)
(41916, 22212)
(41916, 22212)
(42268, 22212)
(42268, 22212)
(42620, 22212)
(42620, 22212)
(42972, 22212)
(42972, 22212)
(43323, 22212)
(43323, 22212)
(43323, 22563)
(43323, 22563)
(43323, 22915)
(43323, 22915)
(43323, 23267)
(43323, 23267)
(43323, 23619)
(43323, 23619)
(43323, 23971)
(43323, 23971)
(43323, 24323)
(43323, 24323)
(43323, 24675)
(43323, 24675)
(43323, 25026)
(43323, 25026)
(43323, 25378)
(43323, 25378)
(43323, 25730)
(43323, 25730)
(43323, 26082)
(43323, 26082)
(43323, 26434)
(43323, 26434)
(43323, 26786)
(43323, 26786)
(43323, 27138)
(43323, 27138)
(43323, 27490)
(43323, 27490)
(43323, 27841)
(43323, 27841)
(43323, 28193)
(43323, 28193)
(43323, 28545)
(43323, 28545)
(43323, 28897)
(43323, 28897)
(43323, 29249)
(43323, 29249)
(43323, 29601)
(43323, 29601)
(43323, 29953)
(43323, 29953)
(43323, 30304)
(43323, 30304)
(43323, 30656)
(43323, 30656)
(43323, 31008)
(43323, 31008)
(43323, 31360)
(43323, 31360)
(43323, 31712)
(43323, 31712)
(43323, 32064)
(43323, 32064)
(43323, 32416)
(43323, 32416)
(43323, 32768)
(43323, 32768)
(43323, 33119)
(43323, 33119)
(43323, 33471)
(43323, 33471)
(43323, 33823)
(43323, 33823)
(43323, 34175)
(43323, 34175)
(43323, 34527)
(43323, 34527)
(43323, 34879)
(43323, 34879)
(43323, 35231)
(43323, 35231)
(43323, 35582)
(43323, 35582)
(43323, 35934)
(43323, 35934)
(43323, 36286)
(43323, 36286)
(43323, 36638)
(43323, 36638)
(43323, 36990)
(43323, 36990)
(43323, 37342)
(43323, 37342)
(43323, 37694)
(43323, 37694)
(43323, 38045)
(43323, 38045)
(43323, 38397)
(43323, 38397)
(43323, 38749)
(43323, 38749)
(43323, 39101)
(43323, 39101)
(43323, 39453)
(43323, 39453)
(43323, 39805)
(43323, 39805)
(43323, 40157)
(43323, 40157)
(43323, 40509)
(43323, 40509)
(43323, 40860)
(43323, 40860)
(43323, 41212)
(43323, 41212)
(43323, 41564)
(43323, 41564)
(43323, 41916)
(43323, 41916)
(43323, 42268)
(43323, 42268)
(43323, 42620)
(43323, 42620)
(43323, 42972)
(43323, 42972)
(43323, 43323)
(43089, 23229)
(42828, 22968)
(42828, 22968)
(42567, 22707)
(42567, 22707)
(42306, 22446)
(41644, 22446)
(41933, 22735)
(41933, 22735)
(42222, 23024)
(42222, 23024)
(42511, 23313)
(42511, 23313)
(42800, 23602)
(42800, 23602)
(43089, 23891)
(43089, 24553)
(42826, 24290)
(42826, 24290)
(42563, 24026)
(42563, 24026)
(42299, 23763)
(42299, 23763)
(42036, 23499)
(42036, 23499)
(41773, 23236)
(41773, 23236)
(41510, 22973)
(41510, 22973)
(41246, 22709)
(41246, 22709)
(40983, 22446)
(40321, 22446)
(40572, 22697)
(40572, 22697)
(40824, 22949)
(40824, 22949)
(41076, 23201)
(41076, 23201)
(41327, 23452)
(41327, 23452)
(41579, 23704)
(41579, 23704)
(41831, 23956)
(41831, 23956)
(42083, 24208)
(42083, 24208)
(42334, 24459)
(42334, 24459)
(42586, 24711)
(42586, 24711)
(42838, 24963)
(42838, 24963)
(43089, 25214)
(43089, 25877)
(42825, 25613)
(42825, 25613)
(42562, 25349)
(42562, 25349)
(42298, 25085)
(42298, 25085)
(42034, 24821)
(42034, 24821)
(41770, 24557)
(41770, 24557)
(41506, 24293)
(41506, 24293)
(41242, 24029)
(41242, 24029)
(40978, 23765)
(40978, 23765)
(40714, 23501)
(40714, 23501)
(40450, 23237)
(40450, 23237)
(40186, 22973)
(40186, 22973)
(39922, 22710)
(39922, 22710)
(39658, 22446)
(38997, 22446)
(39253, 22701)
(39253, 22701)
(39508, 22957)
(39508, 22957)
(39764, 23213)
(39764, 23213)
(40020, 23469)
(40020, 23469)
(40276, 23725)
(40276, 23725)
(40532, 23981)
(40532, 23981)
(40787, 24237)
(40787, 24237)
(41043, 24492)
(41043, 24492)
(41299, 24748)
(41299, 24748)
(41555, 25004)
(41555, 25004)
(41811, 25260)
(41811, 25260)
(42066, 25516)
(42066, 25516)
(42322, 25772)
(42322, 25772)
(42578, 26028)
(42578, 26028)
(42834, 26283)
(42834, 26283)
(43089, 26539)
(43089, 27202)
(42839, 26951)
(42839, 26951)
(42589, 26701)
(42589, 26701)
(42339, 26451)
(42339, 26451)
(42088, 26200)
(42088, 26200)
(41838, 25950)
(41838, 25950)
(41588, 25700)
(41588, 25700)
(41338, 25449)
(41338, 25449)
(41087, 25199)
(41087, 25199)
(40837, 24949)
(40837, 24949)
(40587, 24698)
(40587, 24698)
(40337, 24448)
(40337, 24448)
(40086, 24198)
(40086, 24198)
(39836, 23947)
(39836, 23947)
(39586, 23697)
(39586, 23697)
(39336, 23447)
(39336, 23447)
(39085, 23197)
(39085, 23197)
(38835, 22946)
(38835, 22946)
(38585, 22696)
(38585, 22696)
(38335, 22446)
(37672, 22446)
(37930, 22704)
(37930, 22704)
(38188, 22962)
(38188, 22962)
(38446, 23219)
(38446, 23219)
(38704, 23477)
(38704, 23477)
(38962, 23735)
(38962, 23735)
(39220, 23993)
(39220, 23993)
(39478, 24251)
(39478, 24251)
(39736, 24509)
(39736, 24509)
(39994, 24767)
(39994, 24767)
(40252, 25025)
(40252, 25025)
(40510, 25283)
(40510, 25283)
(40768, 25541)
(40768, 25541)
(41026, 25799)
(41026, 25799)
(41284, 26057)
(41284, 26057)
(41542, 26315)
(41542, 26315)
(41800, 26573)
(41800, 26573)
(42058, 26831)
(42058, 26831)
(42316, 27089)
(42316, 27089)
(42573, 27347)
(42573, 27347)
(42831, 27605)
(42831, 27605)
(43089, 27863)
(43089, 28525)
(42836, 28272)
(42836, 28272)
(42583, 28019)
(42583, 28019)
(42330, 27765)
(42330, 27765)
(42076, 27512)
(42076, 27512)
(41823, 27259)
(41823, 27259)
(41570, 27005)
(41570, 27005)
(41317, 26752)
(41317, 26752)
(41063, 26499)
(41063, 26499)
(40810, 26245)
(40810, 26245)
(40557, 25992)
(40557, 25992)
(40303, 25739)
(40303, 25739)
(40050, 25485)
(40050, 25485)
(39797, 25232)
(39797, 25232)
(39544, 24979)
(39544, 24979)
(39290, 24725)
(39290, 24725)
(39037, 24472)
(39037, 24472)
(38784, 24219)
(38784, 24219)
(38531, 23965)
(38531, 23965)
(38277, 23712)
(38277, 23712)
(38024, 23459)
(38024, 23459)
(37771, 23206)
(37771, 23206)
(37517, 22952)
(37517, 22952)
(37264, 22699)
(37264, 22699)
(37011, 22446)
(36349, 22446)
(36598, 22695)
(36598, 22695)
(36848, 22945)
(36848, 22945)
(37098, 23195)
(37098, 23195)
(37347, 23444)
(37347, 23444)
(37597, 23694)
(37597, 23694)
(37847, 23944)
(37847, 23944)
(38096, 24194)
(38096, 24194)
(38346, 24443)
(38346, 24443)
(38596, 24693)
(38596, 24693)
(38845, 24943)
(38845, 24943)
(39095, 25192)
(39095, 25192)
(39345, 25442)
(39345, 25442)
(39594, 25692)
(39594, 25692)
(39844, 25941)
(39844, 25941)
(40093, 26191)
(40093, 26191)
(40343, 26441)
(40343, 26441)
(40593, 26691)
(40593, 26691)
(40842, 26940)
(40842, 26940)
(41092, 27190)
(41092, 27190)
(41342, 27440)
(41342, 27440)
(41591, 27689)
(41591, 27689)
(41841, 27939)
(41841, 27939)
(42091, 28189)
(42091, 28189)
(42340, 28438)
(42340, 28438)
(42590, 28688)
(42590, 28688)
(42840, 28938)
(42840, 28938)
(43089, 29188)
(43089, 29849)
(42834, 29594)
(42834, 29594)
(42579, 29338)
(42579, 29338)
(42324, 29083)
(42324, 29083)
(42068, 28828)
(42068, 28828)
(41813, 28572)
(41813, 28572)
(41558, 28317)
(41558, 28317)
(41302, 28062)
(41302, 28062)
(41047, 27807)
(41047, 27807)
(40792, 27551)
(40792, 27551)
(40537, 27296)
(40537, 27296)
(40281, 27041)
(40281, 27041)
(40026, 26785)
(40026, 26785)
(39771, 26530)
(39771, 26530)
(39515, 26275)
(39515, 26275)
(39260, 26020)
(39260, 26020)
(39005, 25764)
(39005, 25764)
(38750, 25509)
(38750, 25509)
(38494, 25254)
(38494, 25254)
(38239, 24998)
(38239, 24998)
(37984, 24743)
(37984, 24743)
(37728, 24488)
(37728, 24488)
(37473, 24233)
(37473, 24233)
(37218, 23977)
(37218, 23977)
(36963, 23722)
(36963, 23722)
(36707, 23467)
(36707, 23467)
(36452, 23211)
(36452, 23211)
(36197, 22956)
(36197, 22956)
(35941, 22701)
(35941, 22701)
(35686, 22446)
(35025, 22446)
(35277, 22698)
(35277, 22698)
(35529, 22950)
(35529, 22950)
(35781, 23202)
(35781, 23202)
(36033, 23454)
(36033, 23454)
(36285, 23706)
(36285, 23706)
(36537, 23958)
(36537, 23958)
(36789, 24210)
(36789, 24210)
(37041, 24462)
(37041, 24462)
(37293, 24714)
(37293, 24714)
(37545, 24966)
(37545, 24966)
(37797, 25218)
(37797, 25218)
(38049, 25470)
(38049, 25470)
(38301, 25722)
(38301, 25722)
(38553, 25974)
(38553, 25974)
(38805, 26226)
(38805, 26226)
(39057, 26478)
(39057, 26478)
(39309, 26730)
(39309, 26730)
(39561, 26982)
(39561, 26982)
(39813, 27235)
(39813, 27235)
(40065, 27487)
(40065, 27487)
(40317, 27739)
(40317, 27739)
(40569, 27991)
(40569, 27991)
(40821, 28243)
(40821, 28243)
(41073, 28495)
(41073, 28495)
(41325, 28747)
(41325, 28747)
(41577, 28999)
(41577, 28999)
(41829, 29251)
(41829, 29251)
(42081, 29503)
(42081, 29503)
(42333, 29755)
(42333, 29755)
(42585, 30007)
(42585, 30007)
(42837, 30259)
(42837, 30259)
(43089, 30511)
(43089, 31174)
(42840, 30924)
(42840, 30924)
(42591, 30675)
(42591, 30675)
(42341, 30425)
(42341, 30425)
(42092, 30176)
(42092, 30176)
(41843, 29927)
(41843, 29927)
(41593, 29677)
(41593, 29677)
(41344, 29428)
(41344, 29428)
(41095, 29179)
(41095, 29179)
(40845, 28929)
(40845, 28929)
(40596, 28680)
(40596, 28680)
(40347, 28430)
(40347, 28430)
(40097, 28181)
(40097, 28181)
(39848, 27932)
(39848, 27932)
(39599, 27682)
(39599, 27682)
(39349, 27433)
(39349, 27433)
(39100, 27184)
(39100, 27184)
(38851, 26934)
(38851, 26934)
(38601, 26685)
(38601, 26685)
(38352, 26436)
(38352, 26436)
(38103, 26186)
(38103, 26186)
(37853, 25937)
(37853, 25937)
(37604, 25687)
(37604, 25687)
(37355, 25438)
(37355, 25438)
(37105, 25189)
(37105, 25189)
(36856, 24939)
(36856, 24939)
(36607, 24690)
(36607, 24690)
(36357, 24441)
(36357, 24441)
(36108, 24191)
(36108, 24191)
(35859, 23942)
(35859, 23942)
(35609, 23692)
(35609, 23692)
(35360, 23443)
(35360, 23443)
(35111, 23194)
(35111, 23194)
(34861, 22944)
(34861, 22944)
(34612, 22695)
(34612, 22695)
(34363, 22446)
(33700, 22446)
(33954, 22699)
(33954, 22699)
(34208, 22953)
(34208, 22953)
(34462, 23207)
(34462, 23207)
(34715, 23461)
(34715, 23461)
(34969, 23714)
(34969, 23714)
(35223, 23968)
(35223, 23968)
(35477, 24222)
(35477, 24222)
(35730, 24476)
(35730, 24476)
(35984, 24729)
(35984, 24729)
(36238, 24983)
(36238, 24983)
(36492, 25237)
(36492, 25237)
(36745, 25491)
(36745, 25491)
(36999, 25744)
(36999, 25744)
(37253, 25998)
(37253, 25998)
(37507, 26252)
(37507, 26252)
(37760, 26506)
(37760, 26506)
(38014, 26760)
(38014, 26760)
(38268, 27013)
(38268, 27013)
(38522, 27267)
(38522, 27267)
(38775, 27521)
(38775, 27521)
(39029, 27775)
(39029, 27775)
(39283, 28028)
(39283, 28028)
(39537, 28282)
(39537, 28282)
(39791, 28536)
(39791, 28536)
(40044, 28790)
(40044, 28790)
(40298, 29043)
(40298, 29043)
(40552, 29297)
(40552, 29297)
(40806, 29551)
(40806, 29551)
(41059, 29805)
(41059, 29805)
(41313, 30058)
(41313, 30058)
(41567, 30312)
(41567, 30312)
(41821, 30566)
(41821, 30566)
(42074, 30820)
(42074, 30820)
(42328, 31073)
(42328, 31073)
(42582, 31327)
(42582, 31327)
(42836, 31581)
(42836, 31581)
(43089, 31835)
(43089, 32497)
(42838, 32246)
(42838, 32246)
(42587, 31995)
(42587, 31995)
(42336, 31743)
(42336, 31743)
(42084, 31492)
(42084, 31492)
(41833, 31241)
(41833, 31241)
(41582, 30989)
(41582, 30989)
(41330, 30738)
(41330, 30738)
(41079, 30487)
(41079, 30487)
(40828, 30236)
(40828, 30236)
(40577, 29984)
(40577, 29984)
(40325, 29733)
(40325, 29733)
(40074, 29482)
(40074, 29482)
(39823, 29230)
(39823, 29230)
(39571, 28979)
(39571, 28979)
(39320, 28728)
(39320, 28728)
(39069, 28477)
(39069, 28477)
(38818, 28225)
(38818, 28225)
(38566, 27974)
(38566, 27974)
(38315, 27723)
(38315, 27723)
(38064, 27471)
(38064, 27471)
(37812, 27220)
(37812, 27220)
(37561, 26969)
(37561, 26969)
(37310, 26717)
(37310, 26717)
(37058, 26466)
(37058, 26466)
(36807, 26215)
(36807, 26215)
(36556, 25964)
(36556, 25964)
(36305, 25712)
(36305, 25712)
(36053, 25461)
(36053, 25461)
(35802, 25210)
(35802, 25210)
(35551, 24958)
(35551, 24958)
(35299, 24707)
(35299, 24707)
(35048, 24456)
(35048, 24456)
(34797, 24205)
(34797, 24205)
(34546, 23953)
(34546, 23953)
(34294, 23702)
(34294, 23702)
(34043, 23451)
(34043, 23451)
(33792, 23199)
(33792, 23199)
(33540, 22948)
(33540, 22948)
(33289, 22697)
(33289, 22697)
(33038, 22446)
(32377, 22446)
(32626, 22695)
(32626, 22695)
(32875, 22944)
(32875, 22944)
(33124, 23193)
(33124, 23193)
(33373, 23442)
(33373, 23442)
(33622, 23691)
(33622, 23691)
(33871, 23941)
(33871, 23941)
(34121, 24190)
(34121, 24190)
(34370, 24439)
(34370, 24439)
(34619, 24688)
(34619, 24688)
(34868, 24937)
(34868, 24937)
(35117, 25186)
(35117, 25186)
(35366, 25436)
(35366, 25436)
(35615, 25685)
(35615, 25685)
(35865, 25934)
(35865, 25934)
(36114, 26183)
(36114, 26183)
(36363, 26432)
(36363, 26432)
(36612, 26681)
(36612, 26681)
(36861, 26931)
(36861, 26931)
(37110, 27180)
(37110, 27180)
(37359, 27429)
(37359, 27429)
(37608, 27678)
(37608, 27678)
(37858, 27927)
(37858, 27927)
(38107, 28176)
(38107, 28176)
(38356, 28425)
(38356, 28425)
(38605, 28675)
(38605, 28675)
(38854, 28924)
(38854, 28924)
(39103, 29173)
(39103, 29173)
(39352, 29422)
(39352, 29422)
(39602, 29671)
(39602, 29671)
(39851, 29920)
(39851, 29920)
(40100, 30170)
(40100, 30170)
(40349, 30419)
(40349, 30419)
(40598, 30668)
(40598, 30668)
(40847, 30917)
(40847, 30917)
(41096, 31166)
(41096, 31166)
(41345, 31415)
(41345, 31415)
(41595, 31665)
(41595, 31665)
(41844, 31914)
(41844, 31914)
(42093, 32163)
(42093, 32163)
(42342, 32412)
(42342, 32412)
(42591, 32661)
(42591, 32661)
(42840, 32910)
(42840, 32910)
(43089, 33160)
(43089, 33821)
(42837, 33568)
(42837, 33568)
(42584, 33315)
(42584, 33315)
(42331, 33062)
(42331, 33062)
(42078, 32810)
(42078, 32810)
(41826, 32557)
(41826, 32557)
(41573, 32304)
(41573, 32304)
(41320, 32051)
(41320, 32051)
(41067, 31799)
(41067, 31799)
(40814, 31546)
(40814, 31546)
(40562, 31293)
(40562, 31293)
(40309, 31040)
(40309, 31040)
(40056, 30787)
(40056, 30787)
(39803, 30535)
(39803, 30535)
(39550, 30282)
(39550, 30282)
(39298, 30029)
(39298, 30029)
(39045, 29776)
(39045, 29776)
(38792, 29523)
(38792, 29523)
(38539, 29271)
(38539, 29271)
(38287, 29018)
(38287, 29018)
(38034, 28765)
(38034, 28765)
(37781, 28512)
(37781, 28512)
(37528, 28260)
(37528, 28260)
(37275, 28007)
(37275, 28007)
(37023, 27754)
(37023, 27754)
(36770, 27501)
(36770, 27501)
(36517, 27248)
(36517, 27248)
(36264, 26996)
(36264, 26996)
(36012, 26743)
(36012, 26743)
(35759, 26490)
(35759, 26490)
(35506, 26237)
(35506, 26237)
(35253, 25985)
(35253, 25985)
(35000, 25732)
(35000, 25732)
(34748, 25479)
(34748, 25479)
(34495, 25226)
(34495, 25226)
(34242, 24973)
(34242, 24973)
(33989, 24721)
(33989, 24721)
(33736, 24468)
(33736, 24468)
(33484, 24215)
(33484, 24215)
(33231, 23962)
(33231, 23962)
(32978, 23709)
(32978, 23709)
(32725, 23457)
(32725, 23457)
(32473, 23204)
(32473, 23204)
(32220, 22951)
(32220, 22951)
(31967, 22698)
(31967, 22698)
(31714, 22446)
(31052, 22446)
(31303, 22696)
(31303, 22696)
(31553, 22947)
(31553, 22947)
(31804, 23198)
(31804, 23198)
(32055, 23449)
(32055, 23449)
(32306, 23699)
(32306, 23699)
(32557, 23950)
(32557, 23950)
(32807, 24201)
(32807, 24201)
(33058, 24452)
(33058, 24452)
(33309, 24703)
(33309, 24703)
(33560, 24953)
(33560, 24953)
(33810, 25204)
(33810, 25204)
(34061, 25455)
(34061, 25455)
(34312, 25706)
(34312, 25706)
(34563, 25957)
(34563, 25957)
(34814, 26207)
(34814, 26207)
(35064, 26458)
(35064, 26458)
(35315, 26709)
(35315, 26709)
(35566, 26960)
(35566, 26960)
(35817, 27210)
(35817, 27210)
(36068, 27461)
(36068, 27461)
(36318, 27712)
(36318, 27712)
(36569, 27963)
(36569, 27963)
(36820, 28214)
(36820, 28214)
(37071, 28464)
(37071, 28464)
(37321, 28715)
(37321, 28715)
(37572, 28966)
(37572, 28966)
(37823, 29217)
(37823, 29217)
(38074, 29467)
(38074, 29467)
(38325, 29718)
(38325, 29718)
(38575, 29969)
(38575, 29969)
(38826, 30220)
(38826, 30220)
(39077, 30471)
(39077, 30471)
(39328, 30721)
(39328, 30721)
(39578, 30972)
(39578, 30972)
(39829, 31223)
(39829, 31223)
(40080, 31474)
(40080, 31474)
(40331, 31725)
(40331, 31725)
(40582, 31975)
(40582, 31975)
(40832, 32226)
(40832, 32226)
(41083, 32477)
(41083, 32477)
(41334, 32728)
(41334, 32728)
(41585, 32978)
(41585, 32978)
(41836, 33229)
(41836, 33229)
(42086, 33480)
(42086, 33480)
(42337, 33731)
(42337, 33731)
(42588, 33982)
(42588, 33982)
(42839, 34232)
(42839, 34232)
(43089, 34483)
(43089, 35146)
(42840, 34897)
(42840, 34897)
(42591, 34647)
(42591, 34647)
(42342, 34398)
(42342, 34398)
(42093, 34149)
(42093, 34149)
(41844, 33900)
(41844, 33900)
(41595, 33651)
(41595, 33651)
(41346, 33402)
(41346, 33402)
(41097, 33153)
(41097, 33153)
(40848, 32904)
(40848, 32904)
(40599, 32655)
(40599, 32655)
(40350, 32406)
(40350, 32406)
(40101, 32157)
(40101, 32157)
(39852, 31908)
(39852, 31908)
(39603, 31659)
(39603, 31659)
(39354, 31410)
(39354, 31410)
(39105, 31161)
(39105, 31161)
(38856, 30912)
(38856, 30912)
(38608, 30663)
(38608, 30663)
(38359, 30414)
(38359, 30414)
(38110, 30165)
(38110, 30165)
(37861, 29916)
(37861, 29916)
(37612, 29667)
(37612, 29667)
(37363, 29418)
(37363, 29418)
(37114, 29169)
(37114, 29169)
(36865, 28920)
(36865, 28920)
(36616, 28671)
(36616, 28671)
(36367, 28422)
(36367, 28422)
(36118, 28173)
(36118, 28173)
(35869, 27924)
(35869, 27924)
(35620, 27675)
(35620, 27675)
(35371, 27426)
(35371, 27426)
(35122, 27177)
(35122, 27177)
(34873, 26928)
(34873, 26928)
(34624, 26679)
(34624, 26679)
(34375, 26430)
(34375, 26430)
(34126, 26181)
(34126, 26181)
(33877, 25932)
(33877, 25932)
(33628, 25683)
(33628, 25683)
(33379, 25434)
(33379, 25434)
(33130, 25185)
(33130, 25185)
(32881, 24936)
(32881, 24936)
(32632, 24687)
(32632, 24687)
(32383, 24438)
(32383, 24438)
(32134, 24189)
(32134, 24189)
(31885, 23940)
(31885, 23940)
(31636, 23691)
(31636, 23691)
(31387, 23442)
(31387, 23442)
(31138, 23193)
(31138, 23193)
(30889, 22944)
(30889, 22944)
(30640, 22695)
(30640, 22695)
(30391, 22446)
(29728, 22446)
(29980, 22698)
(29980, 22698)
(30232, 22950)
(30232, 22950)
(30485, 23202)
(30485, 23202)
(30737, 23454)
(30737, 23454)
(30989, 23706)
(30989, 23706)
(31241, 23958)
(31241, 23958)
(31493, 24210)
(31493, 24210)
(31745, 24462)
(31745, 24462)
(31997, 24714)
(31997, 24714)
(32249, 24967)
(32249, 24967)
(32501, 25219)
(32501, 25219)
(32753, 25471)
(32753, 25471)
(33006, 25723)
(33006, 25723)
(33258, 25975)
(33258, 25975)
(33510, 26227)
(33510, 26227)
(33762, 26479)
(33762, 26479)
(34014, 26731)
(34014, 26731)
(34266, 26983)
(34266, 26983)
(34518, 27235)
(34518, 27235)
(34770, 27488)
(34770, 27488)
(35022, 27740)
(35022, 27740)
(35274, 27992)
(35274, 27992)
(35527, 28244)
(35527, 28244)
(35779, 28496)
(35779, 28496)
(36031, 28748)
(36031, 28748)
(36283, 29000)
(36283, 29000)
(36535, 29252)
(36535, 29252)
(36787, 29504)
(36787, 29504)
(37039, 29756)
(37039, 29756)
(37291, 30008)
(37291, 30008)
(37543, 30261)
(37543, 30261)
(37795, 30513)
(37795, 30513)
(38047, 30765)
(38047, 30765)
(38300, 31017)
(38300, 31017)
(38552, 31269)
(38552, 31269)
(38804, 31521)
(38804, 31521)
(39056, 31773)
(39056, 31773)
(39308, 32025)
(39308, 32025)
(39560, 32277)
(39560, 32277)
(39812, 32529)
(39812, 32529)
(40064, 32782)
(40064, 32782)
(40316, 33034)
(40316, 33034)
(40568, 33286)
(40568, 33286)
(40821, 33538)
(40821, 33538)
(41073, 33790)
(41073, 33790)
(41325, 34042)
(41325, 34042)
(41577, 34294)
(41577, 34294)
(41829, 34546)
(41829, 34546)
(42081, 34798)
(42081, 34798)
(42333, 35050)
(42333, 35050)
(42585, 35303)
(42585, 35303)
(42837, 35555)
(42837, 35555)
(43089, 35807)
(43089, 36469)
(42839, 36219)
(42839, 36219)
(42589, 35968)
(42589, 35968)
(42338, 35718)
(42338, 35718)
(42088, 35467)
(42088, 35467)
(41837, 35217)
(41837, 35217)
(41587, 34967)
(41587, 34967)
(41336, 34716)
(41336, 34716)
(41086, 34466)
(41086, 34466)
(40836, 34215)
(40836, 34215)
(40585, 33965)
(40585, 33965)
(40335, 33714)
(40335, 33714)
(40084, 33464)
(40084, 33464)
(39834, 33214)
(39834, 33214)
(39584, 32963)
(39584, 32963)
(39333, 32713)
(39333, 32713)
(39083, 32462)
(39083, 32462)
(38832, 32212)
(38832, 32212)
(38582, 31962)
(38582, 31962)
(38331, 31711)
(38331, 31711)
(38081, 31461)
(38081, 31461)
(37831, 31210)
(37831, 31210)
(37580, 30960)
(37580, 30960)
(37330, 30709)
(37330, 30709)
(37079, 30459)
(37079, 30459)
(36829, 30209)
(36829, 30209)
(36578, 29958)
(36578, 29958)
(36328, 29708)
(36328, 29708)
(36078, 29457)
(36078, 29457)
(35827, 29207)
(35827, 29207)
(35577, 28957)
(35577, 28957)
(35326, 28706)
(35326, 28706)
(35076, 28456)
(35076, 28456)
(34826, 28205)
(34826, 28205)
(34575, 27955)
(34575, 27955)
(34325, 27704)
(34325, 27704)
(34074, 27454)
(34074, 27454)
(33824, 27204)
(33824, 27204)
(33573, 26953)
(33573, 26953)
(33323, 26703)
(33323, 26703)
(33073, 26452)
(33073, 26452)
(32822, 26202)
(32822, 26202)
(32572, 25951)
(32572, 25951)
(32321, 25701)
(32321, 25701)
(32071, 25451)
(32071, 25451)
(31821, 25200)
(31821, 25200)
(31570, 24950)
(31570, 24950)
(31320, 24699)
(31320, 24699)
(31069, 24449)
(31069, 24449)
(30819, 24199)
(30819, 24199)
(30568, 23948)
(30568, 23948)
(30318, 23698)
(30318, 23698)
(30068, 23447)
(30068, 23447)
(29817, 23197)
(29817, 23197)
(29567, 22946)
(29567, 22946)
(29316, 22696)
(29316, 22696)
(29066, 22446)
(28405, 22446)
(28654, 22694)
(28654, 22694)
(28902, 22943)
(28902, 22943)
(29151, 23192)
(29151, 23192)
(29400, 23441)
(29400, 23441)
(29649, 23690)
(29649, 23690)
(29898, 23939)
(29898, 23939)
(30147, 24188)
(30147, 24188)
(30396, 24437)
(30396, 24437)
(30645, 24686)
(30645, 24686)
(30894, 24935)
(30894, 24935)
(31143, 25184)
(31143, 25184)
(31391, 25433)
(31391, 25433)
(31640, 25681)
(31640, 25681)
(31889, 25930)
(31889, 25930)
(32138, 26179)
(32138, 26179)
(32387, 26428)
(32387, 26428)
(32636, 26677)
(32636, 26677)
(32885, 26926)
(32885, 26926)
(33134, 27175)
(33134, 27175)
(33383, 27424)
(33383, 27424)
(33631, 27673)
(33631, 27673)
(33880, 27922)
(33880, 27922)
(34129, 28171)
(34129, 28171)
(34378, 28420)
(34378, 28420)
(34627, 28668)
(34627, 28668)
(34876, 28917)
(34876, 28917)
(35125, 29166)
(35125, 29166)
(35374, 29415)
(35374, 29415)
(35623, 29664)
(35623, 29664)
(35871, 29913)
(35871, 29913)
(36120, 30162)
(36120, 30162)
(36369, 30411)
(36369, 30411)
(36618, 30660)
(36618, 30660)
(36867, 30909)
(36867, 30909)
(37116, 31158)
(37116, 31158)
(37365, 31406)
(37365, 31406)
(37614, 31655)
(37614, 31655)
(37863, 31904)
(37863, 31904)
(38112, 32153)
(38112, 32153)
(38360, 32402)
(38360, 32402)
(38609, 32651)
(38609, 32651)
(38858, 32900)
(38858, 32900)
(39107, 33149)
(39107, 33149)
(39356, 33398)
(39356, 33398)
(39605, 33647)
(39605, 33647)
(39854, 33896)
(39854, 33896)
(40103, 34145)
(40103, 34145)
(40352, 34393)
(40352, 34393)
(40600, 34642)
(40600, 34642)
(40849, 34891)
(40849, 34891)
(41098, 35140)
(41098, 35140)
(41347, 35389)
(41347, 35389)
(41596, 35638)
(41596, 35638)
(41845, 35887)
(41845, 35887)
(42094, 36136)
(42094, 36136)
(42343, 36385)
(42343, 36385)
(42592, 36634)
(42592, 36634)
(42841, 36883)
(42841, 36883)
(43089, 37131)
(43089, 37793)
(42838, 37541)
(42838, 37541)
(42586, 37290)
(42586, 37290)
(42335, 37038)
(42335, 37038)
(42083, 36786)
(42083, 36786)
(41831, 36535)
(41831, 36535)
(41580, 36283)
(41580, 36283)
(41328, 36032)
(41328, 36032)
(41077, 35780)
(41077, 35780)
(40825, 35528)
(40825, 35528)
(40573, 35277)
(40573, 35277)
(40322, 35025)
(40322, 35025)
(40070, 34774)
(40070, 34774)
(39819, 34522)
(39819, 34522)
(39567, 34270)
(39567, 34270)
(39316, 34019)
(39316, 34019)
(39064, 33767)
(39064, 33767)
(38812, 33516)
(38812, 33516)
(38561, 33264)
(38561, 33264)
(38309, 33012)
(38309, 33012)
(38058, 32761)
(38058, 32761)
(37806, 32509)
(37806, 32509)
(37554, 32258)
(37554, 32258)
(37303, 32006)
(37303, 32006)
(37051, 31754)
(37051, 31754)
(36800, 31503)
(36800, 31503)
(36548, 31251)
(36548, 31251)
(36296, 31000)
(36296, 31000)
(36045, 30748)
(36045, 30748)
(35793, 30497)
(35793, 30497)
(35542, 30245)
(35542, 30245)
(35290, 29993)
(35290, 29993)
(35038, 29742)
(35038, 29742)
(34787, 29490)
(34787, 29490)
(34535, 29239)
(34535, 29239)
(34284, 28987)
(34284, 28987)
(34032, 28735)
(34032, 28735)
(33781, 28484)
(33781, 28484)
(33529, 28232)
(33529, 28232)
(33277, 27981)
(33277, 27981)
(33026, 27729)
(33026, 27729)
(32774, 27477)
(32774, 27477)
(32523, 27226)
(32523, 27226)
(32271, 26974)
(32271, 26974)
(32019, 26723)
(32019, 26723)
(31768, 26471)
(31768, 26471)
(31516, 26219)
(31516, 26219)
(31265, 25968)
(31265, 25968)
(31013, 25716)
(31013, 25716)
(30761, 25465)
(30761, 25465)
(30510, 25213)
(30510, 25213)
(30258, 24962)
(30258, 24962)
(30007, 24710)
(30007, 24710)
(29755, 24458)
(29755, 24458)
(29503, 24207)
(29503, 24207)
(29252, 23955)
(29252, 23955)
(29000, 23704)
(29000, 23704)
(28749, 23452)
(28749, 23452)
(28497, 23200)
(28497, 23200)
(28245, 22949)
(28245, 22949)
(27994, 22697)
(27994, 22697)
(27742, 22446)
(27080, 22446)
(27330, 22696)
(27330, 22696)
(27580, 22946)
(27580, 22946)
(27830, 23196)
(27830, 23196)
(28081, 23446)
(28081, 23446)
(28331, 23696)
(28331, 23696)
(28581, 23946)
(28581, 23946)
(28831, 24197)
(28831, 24197)
(29081, 24447)
(29081, 24447)
(29331, 24697)
(29331, 24697)
(29581, 24947)
(29581, 24947)
(29832, 25197)
(29832, 25197)
(30082, 25447)
(30082, 25447)
(30332, 25698)
(30332, 25698)
(30582, 25948)
(30582, 25948)
(30832, 26198)
(30832, 26198)
(31082, 26448)
(31082, 26448)
(31332, 26698)
(31332, 26698)
(31583, 26948)
(31583, 26948)
(31833, 27198)
(31833, 27198)
(32083, 27449)
(32083, 27449)
(32333, 27699)
(32333, 27699)
(32583, 27949)
(32583, 27949)
(32833, 28199)
(32833, 28199)
(33083, 28449)
(33083, 28449)
(33334, 28699)
(33334, 28699)
(33584, 28949)
(33584, 28949)
(33834, 29200)
(33834, 29200)
(34084, 29450)
(34084, 29450)
(34334, 29700)
(34334, 29700)
(34584, 29950)
(34584, 29950)
(34835, 30200)
(34835, 30200)
(35085, 30450)
(35085, 30450)
(35335, 30700)
(35335, 30700)
(35585, 30951)
(35585, 30951)
(35835, 31201)
(35835, 31201)
(36085, 31451)
(36085, 31451)
(36335, 31701)
(36335, 31701)
(36586, 31951)
(36586, 31951)
(36836, 32201)
(36836, 32201)
(37086, 32452)
(37086, 32452)
(37336, 32702)
(37336, 32702)
(37586, 32952)
(37586, 32952)
(37836, 33202)
(37836, 33202)
(38086, 33452)
(38086, 33452)
(38337, 33702)
(38337, 33702)
(38587, 33952)
(38587, 33952)
(38837, 34203)
(38837, 34203)
(39087, 34453)
(39087, 34453)
(39337, 34703)
(39337, 34703)
(39587, 34953)
(39587, 34953)
(39837, 35203)
(39837, 35203)
(40088, 35453)
(40088, 35453)
(40338, 35703)
(40338, 35703)
(40588, 35954)
(40588, 35954)
(40838, 36204)
(40838, 36204)
(41088, 36454)
(41088, 36454)
(41338, 36704)
(41338, 36704)
(41589, 36954)
(41589, 36954)
(41839, 37204)
(41839, 37204)
(42089, 37454)
(42089, 37454)
(42339, 37705)
(42339, 37705)
(42589, 37955)
(42589, 37955)
(42839, 38205)
(42839, 38205)
(43089, 38455)
(43089, 39117)
(42841, 38869)
(42841, 38869)
(42592, 38620)
(42592, 38620)
(42343, 38371)
(42343, 38371)
(42094, 38122)
(42094, 38122)
(41845, 37873)
(41845, 37873)
(41597, 37624)
(41597, 37624)
(41348, 37376)
(41348, 37376)
(41099, 37127)
(41099, 37127)
(40850, 36878)
(40850, 36878)
(40601, 36629)
(40601, 36629)
(40352, 36380)
(40352, 36380)
(40104, 36131)
(40104, 36131)
(39855, 35883)
(39855, 35883)
(39606, 35634)
(39606, 35634)
(39357, 35385)
(39357, 35385)
(39108, 35136)
(39108, 35136)
(38860, 34887)
(38860, 34887)
(38611, 34638)
(38611, 34638)
(38362, 34390)
(38362, 34390)
(38113, 34141)
(38113, 34141)
(37864, 33892)
(37864, 33892)
(37615, 33643)
(37615, 33643)
(37367, 33394)
(37367, 33394)
(37118, 33145)
(37118, 33145)
(36869, 32897)
(36869, 32897)
(36620, 32648)
(36620, 32648)
(36371, 32399)
(36371, 32399)
(36123, 32150)
(36123, 32150)
(35874, 31901)
(35874, 31901)
(35625, 31652)
(35625, 31652)
(35376, 31404)
(35376, 31404)
(35127, 31155)
(35127, 31155)
(34878, 30906)
(34878, 30906)
(34630, 30657)
(34630, 30657)
(34381, 30408)
(34381, 30408)
(34132, 30159)
(34132, 30159)
(33883, 29911)
(33883, 29911)
(33634, 29662)
(33634, 29662)
(33386, 29413)
(33386, 29413)
(33137, 29164)
(33137, 29164)
(32888, 28915)
(32888, 28915)
(32639, 28666)
(32639, 28666)
(32390, 28418)
(32390, 28418)
(32141, 28169)
(32141, 28169)
(31893, 27920)
(31893, 27920)
(31644, 27671)
(31644, 27671)
(31395, 27422)
(31395, 27422)
(31146, 27173)
(31146, 27173)
(30897, 26925)
(30897, 26925)
(30649, 26676)
(30649, 26676)
(30400, 26427)
(30400, 26427)
(30151, 26178)
(30151, 26178)
(29902, 25929)
(29902, 25929)
(29653, 25680)
(29653, 25680)
(29404, 25432)
(29404, 25432)
(29156, 25183)
(29156, 25183)
(28907, 24934)
(28907, 24934)
(28658, 24685)
(28658, 24685)
(28409, 24436)
(28409, 24436)
(28160, 24187)
(28160, 24187)
(27912, 23939)
(27912, 23939)
(27663, 23690)
(27663, 23690)
(27414, 23441)
(27414, 23441)
(27165, 23192)
(27165, 23192)
(26916, 22943)
(26916, 22943)
(26668, 22694)
(26668, 22694)
(26419, 22446)
(25756, 22446)
(26008, 22697)
(26008, 22697)
(26259, 22948)
(26259, 22948)
(26510, 23199)
(26510, 23199)
(26761, 23450)
(26761, 23450)
(27012, 23702)
(27012, 23702)
(27264, 23953)
(27264, 23953)
(27515, 24204)
(27515, 24204)
(27766, 24455)
(27766, 24455)
(28017, 24707)
(28017, 24707)
(28268, 24958)
(28268, 24958)
(28520, 25209)
(28520, 25209)
(28771, 25460)
(28771, 25460)
(29022, 25711)
(29022, 25711)
(29273, 25963)
(29273, 25963)
(29524, 26214)
(29524, 26214)
(29776, 26465)
(29776, 26465)
(30027, 26716)
(30027, 26716)
(30278, 26968)
(30278, 26968)
(30529, 27219)
(30529, 27219)
(30780, 27470)
(30780, 27470)
(31032, 27721)
(31032, 27721)
(31283, 27972)
(31283, 27972)
(31534, 28224)
(31534, 28224)
(31785, 28475)
(31785, 28475)
(32036, 28726)
(32036, 28726)
(32288, 28977)
(32288, 28977)
(32539, 29229)
(32539, 29229)
(32790, 29480)
(32790, 29480)
(33041, 29731)
(33041, 29731)
(33292, 29982)
(33292, 29982)
(33544, 30233)
(33544, 30233)
(33795, 30485)
(33795, 30485)
(34046, 30736)
(34046, 30736)
(34297, 30987)
(34297, 30987)
(34548, 31238)
(34548, 31238)
(34800, 31490)
(34800, 31490)
(35051, 31741)
(35051, 31741)
(35302, 31992)
(35302, 31992)
(35553, 32243)
(35553, 32243)
(35804, 32494)
(35804, 32494)
(36056, 32746)
(36056, 32746)
(36307, 32997)
(36307, 32997)
(36558, 33248)
(36558, 33248)
(36809, 33499)
(36809, 33499)
(37061, 33751)
(37061, 33751)
(37312, 34002)
(37312, 34002)
(37563, 34253)
(37563, 34253)
(37814, 34504)
(37814, 34504)
(38065, 34755)
(38065, 34755)
(38317, 35007)
(38317, 35007)
(38568, 35258)
(38568, 35258)
(38819, 35509)
(38819, 35509)
(39070, 35760)
(39070, 35760)
(39321, 36012)
(39321, 36012)
(39573, 36263)
(39573, 36263)
(39824, 36514)
(39824, 36514)
(40075, 36765)
(40075, 36765)
(40326, 37016)
(40326, 37016)
(40577, 37268)
(40577, 37268)
(40829, 37519)
(40829, 37519)
(41080, 37770)
(41080, 37770)
(41331, 38021)
(41331, 38021)
(41582, 38273)
(41582, 38273)
(41833, 38524)
(41833, 38524)
(42085, 38775)
(42085, 38775)
(42336, 39026)
(42336, 39026)
(42587, 39277)
(42587, 39277)
(42838, 39529)
(42838, 39529)
(43089, 39780)
(43089, 40441)
(42839, 40191)
(42839, 40191)
(42590, 39941)
(42590, 39941)
(42340, 39691)
(42340, 39691)
(42090, 39441)
(42090, 39441)
(41840, 39191)
(41840, 39191)
(41590, 38941)
(41590, 38941)
(41340, 38691)
(41340, 38691)
(41090, 38442)
(41090, 38442)
(40840, 38192)
(40840, 38192)
(40590, 37942)
(40590, 37942)
(40340, 37692)
(40340, 37692)
(40090, 37442)
(40090, 37442)
(39840, 37192)
(39840, 37192)
(39590, 36942)
(39590, 36942)
(39340, 36692)
(39340, 36692)
(39090, 36442)
(39090, 36442)
(38840, 36192)
(38840, 36192)
(38591, 35942)
(38591, 35942)
(38341, 35692)
(38341, 35692)
(38091, 35442)
(38091, 35442)
(37841, 35192)
(37841, 35192)
(37591, 34942)
(37591, 34942)
(37341, 34693)
(37341, 34693)
(37091, 34443)
(37091, 34443)
(36841, 34193)
(36841, 34193)
(36591, 33943)
(36591, 33943)
(36341, 33693)
(36341, 33693)
(36091, 33443)
(36091, 33443)
(35841, 33193)
(35841, 33193)
(35591, 32943)
(35591, 32943)
(35341, 32693)
(35341, 32693)
(35091, 32443)
(35091, 32443)
(34841, 32193)
(34841, 32193)
(34592, 31943)
(34592, 31943)
(34342, 31693)
(34342, 31693)
(34092, 31443)
(34092, 31443)
(33842, 31193)
(33842, 31193)
(33592, 30943)
(33592, 30943)
(33342, 30694)
(33342, 30694)
(33092, 30444)
(33092, 30444)
(32842, 30194)
(32842, 30194)
(32592, 29944)
(32592, 29944)
(32342, 29694)
(32342, 29694)
(32092, 29444)
(32092, 29444)
(31842, 29194)
(31842, 29194)
(31592, 28944)
(31592, 28944)
(31342, 28694)
(31342, 28694)
(31092, 28444)
(31092, 28444)
(30842, 28194)
(30842, 28194)
(30593, 27944)
(30593, 27944)
(30343, 27694)
(30343, 27694)
(30093, 27444)
(30093, 27444)
(29843, 27194)
(29843, 27194)
(29593, 26944)
(29593, 26944)
(29343, 26695)
(29343, 26695)
(29093, 26445)
(29093, 26445)
(28843, 26195)
(28843, 26195)
(28593, 25945)
(28593, 25945)
(28343, 25695)
(28343, 25695)
(28093, 25445)
(28093, 25445)
(27843, 25195)
(27843, 25195)
(27593, 24945)
(27593, 24945)
(27343, 24695)
(27343, 24695)
(27093, 24445)
(27093, 24445)
(26844, 24195)
(26844, 24195)
(26594, 23945)
(26594, 23945)
(26344, 23695)
(26344, 23695)
(26094, 23445)
(26094, 23445)
(25844, 23195)
(25844, 23195)
(25594, 22945)
(25594, 22945)
(25344, 22696)
(25344, 22696)
(25094, 22446)
(24433, 22446)
(24681, 22694)
(24681, 22694)
(24930, 22943)
(24930, 22943)
(25179, 23192)
(25179, 23192)
(25428, 23441)
(25428, 23441)
(25677, 23689)
(25677, 23689)
(25925, 23938)
(25925, 23938)
(26174, 24187)
(26174, 24187)
(26423, 24436)
(26423, 24436)
(26672, 24685)
(26672, 24685)
(26920, 24933)
(26920, 24933)
(27169, 25182)
(27169, 25182)
(27418, 25431)
(27418, 25431)
(27667, 25680)
(27667, 25680)
(27915, 25928)
(27915, 25928)
(28164, 26177)
(28164, 26177)
(28413, 26426)
(28413, 26426)
(28662, 26675)
(28662, 26675)
(28910, 26923)
(28910, 26923)
(29159, 27172)
(29159, 27172)
(29408, 27421)
(29408, 27421)
(29657, 27670)
(29657, 27670)
(29905, 27919)
(29905, 27919)
(30154, 28167)
(30154, 28167)
(30403, 28416)
(30403, 28416)
(30652, 28665)
(30652, 28665)
(30900, 28914)
(30900, 28914)
(31149, 29162)
(31149, 29162)
(31398, 29411)
(31398, 29411)
(31647, 29660)
(31647, 29660)
(31895, 29909)
(31895, 29909)
(32144, 30157)
(32144, 30157)
(32393, 30406)
(32393, 30406)
(32642, 30655)
(32642, 30655)
(32890, 30904)
(32890, 30904)
(33139, 31153)
(33139, 31153)
(33388, 31401)
(33388, 31401)
(33637, 31650)
(33637, 31650)
(33885, 31899)
(33885, 31899)
(34134, 32148)
(34134, 32148)
(34383, 32396)
(34383, 32396)
(34632, 32645)
(34632, 32645)
(34880, 32894)
(34880, 32894)
(35129, 33143)
(35129, 33143)
(35378, 33392)
(35378, 33392)
(35627, 33640)
(35627, 33640)
(35875, 33889)
(35875, 33889)
(36124, 34138)
(36124, 34138)
(36373, 34387)
(36373, 34387)
(36622, 34635)
(36622, 34635)
(36871, 34884)
(36871, 34884)
(37119, 35133)
(37119, 35133)
(37368, 35382)
(37368, 35382)
(37617, 35630)
(37617, 35630)
(37866, 35879)
(37866, 35879)
(38114, 36128)
(38114, 36128)
(38363, 36377)
(38363, 36377)
(38612, 36626)
(38612, 36626)
(38861, 36874)
(38861, 36874)
(39109, 37123)
(39109, 37123)
(39358, 37372)
(39358, 37372)
(39607, 37621)
(39607, 37621)
(39856, 37869)
(39856, 37869)
(40104, 38118)
(40104, 38118)
(40353, 38367)
(40353, 38367)
(40602, 38616)
(40602, 38616)
(40851, 38865)
(40851, 38865)
(41099, 39113)
(41099, 39113)
(41348, 39362)
(41348, 39362)
(41597, 39611)
(41597, 39611)
(41846, 39860)
(41846, 39860)
(42094, 40108)
(42094, 40108)
(42343, 40357)
(42343, 40357)
(42592, 40606)
(42592, 40606)
(42841, 40855)
(42841, 40855)
(43089, 41103)
(43089, 41766)
(42839, 41515)
(42839, 41515)
(42588, 41264)
(42588, 41264)
(42337, 41013)
(42337, 41013)
(42086, 40762)
(42086, 40762)
(41835, 40511)
(41835, 40511)
(41584, 40260)
(41584, 40260)
(41333, 40009)
(41333, 40009)
(41082, 39759)
(41082, 39759)
(40831, 39508)
(40831, 39508)
(40580, 39257)
(40580, 39257)
(40330, 39006)
(40330, 39006)
(40079, 38755)
(40079, 38755)
(39828, 38504)
(39828, 38504)
(39577, 38253)
(39577, 38253)
(39326, 38002)
(39326, 38002)
(39075, 37751)
(39075, 37751)
(38824, 37500)
(38824, 37500)
(38573, 37249)
(38573, 37249)
(38322, 36998)
(38322, 36998)
(38071, 36748)
(38071, 36748)
(37821, 36497)
(37821, 36497)
(37570, 36246)
(37570, 36246)
(37319, 35995)
(37319, 35995)
(37068, 35744)
(37068, 35744)
(36817, 35493)
(36817, 35493)
(36566, 35242)
(36566, 35242)
(36315, 34991)
(36315, 34991)
(36064, 34740)
(36064, 34740)
(35813, 34489)
(35813, 34489)
(35563, 34238)
(35563, 34238)
(35312, 33988)
(35312, 33988)
(35061, 33737)
(35061, 33737)
(34810, 33486)
(34810, 33486)
(34559, 33235)
(34559, 33235)
(34308, 32984)
(34308, 32984)
(34057, 32733)
(34057, 32733)
(33806, 32482)
(33806, 32482)
(33555, 32231)
(33555, 32231)
(33304, 31980)
(33304, 31980)
(33054, 31729)
(33054, 31729)
(32803, 31478)
(32803, 31478)
(32552, 31228)
(32552, 31228)
(32301, 30977)
(32301, 30977)
(32050, 30726)
(32050, 30726)
(31799, 30475)
(31799, 30475)
(31548, 30224)
(31548, 30224)
(31297, 29973)
(31297, 29973)
(31046, 29722)
(31046, 29722)
(30795, 29471)
(30795, 29471)
(30545, 29220)
(30545, 29220)
(30294, 28969)
(30294, 28969)
(30043, 28718)
(30043, 28718)
(29792, 28467)
(29792, 28467)
(29541, 28217)
(29541, 28217)
(29290, 27966)
(29290, 27966)
(29039, 27715)
(29039, 27715)
(28788, 27464)
(28788, 27464)
(28537, 27213)
(28537, 27213)
(28286, 26962)
(28286, 26962)
(28036, 26711)
(28036, 26711)
(27785, 26460)
(27785, 26460)
(27534, 26209)
(27534, 26209)
(27283, 25958)
(27283, 25958)
(27032, 25707)
(27032, 25707)
(26781, 25457)
(26781, 25457)
(26530, 25206)
(26530, 25206)
(26279, 24955)
(26279, 24955)
(26028, 24704)
(26028, 24704)
(25778, 24453)
(25778, 24453)
(25527, 24202)
(25527, 24202)
(25276, 23951)
(25276, 23951)
(25025, 23700)
(25025, 23700)
(24774, 23449)
(24774, 23449)
(24523, 23198)
(24523, 23198)
(24272, 22947)
(24272, 22947)
(24021, 22696)
(24021, 22696)
(23770, 22446)
(23108, 22446)
(23358, 22695)
(23358, 22695)
(23607, 22945)
(23607, 22945)
(23857, 23195)
(23857, 23195)
(24107, 23445)
(24107, 23445)
(24357, 23694)
(24357, 23694)
(24607, 23944)
(24607, 23944)
(24856, 24194)
(24856, 24194)
(25106, 24444)
(25106, 24444)
(25356, 24693)
(25356, 24693)
(25606, 24943)
(25606, 24943)
(25855, 25193)
(25855, 25193)
(26105, 25443)
(26105, 25443)
(26355, 25693)
(26355, 25693)
(26605, 25942)
(26605, 25942)
(26854, 26192)
(26854, 26192)
(27104, 26442)
(27104, 26442)
(27354, 26692)
(27354, 26692)
(27604, 26941)
(27604, 26941)
(27854, 27191)
(27854, 27191)
(28103, 27441)
(28103, 27441)
(28353, 27691)
(28353, 27691)
(28603, 27940)
(28603, 27940)
(28853, 28190)
(28853, 28190)
(29102, 28440)
(29102, 28440)
(29352, 28690)
(29352, 28690)
(29602, 28940)
(29602, 28940)
(29852, 29189)
(29852, 29189)
(30101, 29439)
(30101, 29439)
(30351, 29689)
(30351, 29689)
(30601, 29939)
(30601, 29939)
(30851, 30188)
(30851, 30188)
(31101, 30438)
(31101, 30438)
(31350, 30688)
(31350, 30688)
(31600, 30938)
(31600, 30938)
(31850, 31187)
(31850, 31187)
(32100, 31437)
(32100, 31437)
(32349, 31687)
(32349, 31687)
(32599, 31937)
(32599, 31937)
(32849, 32187)
(32849, 32187)
(33099, 32436)
(33099, 32436)
(33348, 32686)
(33348, 32686)
(33598, 32936)
(33598, 32936)
(33848, 33186)
(33848, 33186)
(34098, 33435)
(34098, 33435)
(34348, 33685)
(34348, 33685)
(34597, 33935)
(34597, 33935)
(34847, 34185)
(34847, 34185)
(35097, 34434)
(35097, 34434)
(35347, 34684)
(35347, 34684)
(35596, 34934)
(35596, 34934)
(35846, 35184)
(35846, 35184)
(36096, 35434)
(36096, 35434)
(36346, 35683)
(36346, 35683)
(36595, 35933)
(36595, 35933)
(36845, 36183)
(36845, 36183)
(37095, 36433)
(37095, 36433)
(37345, 36682)
(37345, 36682)
(37595, 36932)
(37595, 36932)
(37844, 37182)
(37844, 37182)
(38094, 37432)
(38094, 37432)
(38344, 37681)
(38344, 37681)
(38594, 37931)
(38594, 37931)
(38843, 38181)
(38843, 38181)
(39093, 38431)
(39093, 38431)
(39343, 38681)
(39343, 38681)
(39593, 38930)
(39593, 38930)
(39842, 39180)
(39842, 39180)
(40092, 39430)
(40092, 39430)
(40342, 39680)
(40342, 39680)
(40592, 39929)
(40592, 39929)
(40842, 40179)
(40842, 40179)
(41091, 40429)
(41091, 40429)
(41341, 40679)
(41341, 40679)
(41591, 40928)
(41591, 40928)
(41841, 41178)
(41841, 41178)
(42090, 41428)
(42090, 41428)
(42340, 41678)
(42340, 41678)
(42590, 41928)
(42590, 41928)
(42840, 42177)
(42840, 42177)
(43089, 42427)
(43089, 43089)
(42841, 42841)
(42841, 42841)
(42592, 42592)
(42592, 42592)
(42343, 42343)
(42343, 42343)
(42095, 42095)
(42095, 42095)
(41846, 41846)
(41846, 41846)
(41597, 41597)
(41597, 41597)
(41348, 41348)
(41348, 41348)
(41100, 41100)
(41100, 41100)
(40851, 40851)
(40851, 40851)
(40602, 40602)
(40602, 40602)
(40353, 40353)
(40353, 40353)
(40105, 40105)
(40105, 40105)
(39856, 39856)
(39856, 39856)
(39607, 39607)
(39607, 39607)
(39359, 39359)
(39359, 39359)
(39110, 39110)
(39110, 39110)
(38861, 38861)
(38861, 38861)
(38612, 38612)
(38612, 38612)
(38364, 38364)
(38364, 38364)
(38115, 38115)
(38115, 38115)
(37866, 37866)
(37866, 37866)
(37618, 37618)
(37618, 37618)
(37369, 37369)
(37369, 37369)
(37120, 37120)
(37120, 37120)
(36871, 36871)
(36871, 36871)
(36623, 36623)
(36623, 36623)
(36374, 36374)
(36374, 36374)
(36125, 36125)
(36125, 36125)
(35877, 35877)
(35877, 35877)
(35628, 35628)
(35628, 35628)
(35379, 35379)
(35379, 35379)
(35130, 35130)
(35130, 35130)
(34882, 34882)
(34882, 34882)
(34633, 34633)
(34633, 34633)
(34384, 34384)
(34384, 34384)
(34135, 34135)
(34135, 34135)
(33887, 33887)
(33887, 33887)
(33638, 33638)
(33638, 33638)
(33389, 33389)
(33389, 33389)
(33141, 33141)
(33141, 33141)
(32892, 32892)
(32892, 32892)
(32643, 32643)
(32643, 32643)
(32394, 32394)
(32394, 32394)
(32146, 32146)
(32146, 32146)
(31897, 31897)
(31897, 31897)
(31648, 31648)
(31648, 31648)
(31400, 31400)
(31400, 31400)
(31151, 31151)
(31151, 31151)
(30902, 30902)
(30902, 30902)
(30653, 30653)
(30653, 30653)
(30405, 30405)
(30405, 30405)
(30156, 30156)
(30156, 30156)
(29907, 29907)
(29907, 29907)
(29658, 29658)
(29658, 29658)
(29410, 29410)
(29410, 29410)
(29161, 29161)
(29161, 29161)
(28912, 28912)
(28912, 28912)
(28664, 28664)
(28664, 28664)
(28415, 28415)
(28415, 28415)
(28166, 28166)
(28166, 28166)
(27917, 27917)
(27917, 27917)
(27669, 27669)
(27669, 27669)
(27420, 27420)
(27420, 27420)
(27171, 27171)
(27171, 27171)
(26923, 26923)
(26923, 26923)
(26674, 26674)
(26674, 26674)
(26425, 26425)
(26425, 26425)
(26176, 26176)
(26176, 26176)
(25928, 25928)
(25928, 25928)
(25679, 25679)
(25679, 25679)
(25430, 25430)
(25430, 25430)
(25182, 25182)
(25182, 25182)
(24933, 24933)
(24933, 24933)
(24684, 24684)
(24684, 24684)
(24435, 24435)
(24435, 24435)
(24187, 24187)
(24187, 24187)
(23938, 23938)
(23938, 23938)
(23689, 23689)
(23689, 23689)
(23440, 23440)
(23440, 23440)
(23192, 23192)
(23192, 23192)
(22943, 22943)
(22943, 22943)
(22694, 22694)
(22694, 22694)
(22446, 22446)
(22446, 23107)
(22695, 23357)
(22695, 23357)
(22945, 23606)
(22945, 23606)
(23195, 23856)
(23195, 23856)
(23445, 24106)
(23445, 24106)
(23694, 24356)
(23694, 24356)
(23944, 24605)
(23944, 24605)
(24194, 24855)
(24194, 24855)
(24444, 25105)
(24444, 25105)
(24693, 25355)
(24693, 25355)
(24943, 25605)
(24943, 25605)
(25193, 25854)
(25193, 25854)
(25443, 26104)
(25443, 26104)
(25693, 26354)
(25693, 26354)
(25942, 26604)
(25942, 26604)
(26192, 26854)
(26192, 26854)
(26442, 27103)
(26442, 27103)
(26692, 27353)
(26692, 27353)
(26941, 27603)
(26941, 27603)
(27191, 27853)
(27191, 27853)
(27441, 28102)
(27441, 28102)
(27691, 28352)
(27691, 28352)
(27940, 28602)
(27940, 28602)
(28190, 28852)
(28190, 28852)
(28440, 29102)
(28440, 29102)
(28690, 29351)
(28690, 29351)
(28940, 29601)
(28940, 29601)
(29189, 29851)
(29189, 29851)
(29439, 30101)
(29439, 30101)
(29689, 30350)
(29689, 30350)
(29939, 30600)
(29939, 30600)
(30188, 30850)
(30188, 30850)
(30438, 31100)
(30438, 31100)
(30688, 31350)
(30688, 31350)
(30938, 31599)
(30938, 31599)
(31187, 31849)
(31187, 31849)
(31437, 32099)
(31437, 32099)
(31687, 32349)
(31687, 32349)
(31937, 32599)
(31937, 32599)
(32187, 32848)
(32187, 32848)
(32436, 33098)
(32436, 33098)
(32686, 33348)
(32686, 33348)
(32936, 33598)
(32936, 33598)
(33186, 33847)
(33186, 33847)
(33435, 34097)
(33435, 34097)
(33685, 34347)
(33685, 34347)
(33935, 34597)
(33935, 34597)
(34185, 34847)
(34185, 34847)
(34434, 35096)
(34434, 35096)
(34684, 35346)
(34684, 35346)
(34934, 35596)
(34934, 35596)
(35184, 35846)
(35184, 35846)
(35434, 36096)
(35434, 36096)
(35683, 36345)
(35683, 36345)
(35933, 36595)
(35933, 36595)
(36183, 36845)
(36183, 36845)
(36433, 37095)
(36433, 37095)
(36682, 37344)
(36682, 37344)
(36932, 37594)
(36932, 37594)
(37182, 37844)
(37182, 37844)
(37432, 38094)
(37432, 38094)
(37681, 38344)
(37681, 38344)
(37931, 38593)
(37931, 38593)
(38181, 38843)
(38181, 38843)
(38431, 39093)
(38431, 39093)
(38681, 39343)
(38681, 39343)
(38930, 39592)
(38930, 39592)
(39180, 39842)
(39180, 39842)
(39430, 40092)
(39430, 40092)
(39680, 40342)
(39680, 40342)
(39929, 40592)
(39929, 40592)
(40179, 40841)
(40179, 40841)
(40429, 41091)
(40429, 41091)
(40679, 41341)
(40679, 41341)
(40928, 41591)
(40928, 41591)
(41178, 41841)
(41178, 41841)
(41428, 42090)
(41428, 42090)
(41678, 42340)
(41678, 42340)
(41928, 42590)
(41928, 42590)
(42177, 42840)
(42177, 42840)
(42427, 43089)
(41766, 43089)
(41515, 42839)
(41515, 42839)
(41264, 42588)
(41264, 42588)
(41013, 42337)
(41013, 42337)
(40762, 42086)
(40762, 42086)
(40511, 41835)
(40511, 41835)
(40260, 41584)
(40260, 41584)
(40009, 41333)
(40009, 41333)
(39759, 41082)
(39759, 41082)
(39508, 40831)
(39508, 40831)
(39257, 40580)
(39257, 40580)
(39006, 40329)
(39006, 40329)
(38755, 40078)
(38755, 40078)
(38504, 39828)
(38504, 39828)
(38253, 39577)
(38253, 39577)
(38002, 39326)
(38002, 39326)
(37751, 39075)
(37751, 39075)
(37500, 38824)
(37500, 38824)
(37249, 38573)
(37249, 38573)
(36998, 38322)
(36998, 38322)
(36748, 38071)
(36748, 38071)
(36497, 37820)
(36497, 37820)
(36246, 37569)
(36246, 37569)
(35995, 37318)
(35995, 37318)
(35744, 37068)
(35744, 37068)
(35493, 36817)
(35493, 36817)
(35242, 36566)
(35242, 36566)
(34991, 36315)
(34991, 36315)
(34740, 36064)
(34740, 36064)
(34489, 35813)
(34489, 35813)
(34238, 35562)
(34238, 35562)
(33988, 35311)
(33988, 35311)
(33737, 35060)
(33737, 35060)
(33486, 34809)
(33486, 34809)
(33235, 34558)
(33235, 34558)
(32984, 34307)
(32984, 34307)
(32733, 34057)
(32733, 34057)
(32482, 33806)
(32482, 33806)
(32231, 33555)
(32231, 33555)
(31980, 33304)
(31980, 33304)
(31729, 33053)
(31729, 33053)
(31478, 32802)
(31478, 32802)
(31228, 32551)
(31228, 32551)
(30977, 32300)
(30977, 32300)
(30726, 32049)
(30726, 32049)
(30475, 31798)
(30475, 31798)
(30224, 31547)
(30224, 31547)
(29973, 31297)
(29973, 31297)
(29722, 31046)
(29722, 31046)
(29471, 30795)
(29471, 30795)
(29220, 30544)
(29220, 30544)
(28969, 30293)
(28969, 30293)
(28718, 30042)
(28718, 30042)
(28467, 29791)
(28467, 29791)
(28217, 29540)
(28217, 29540)
(27966, 29289)
(27966, 29289)
(27715, 29038)
(27715, 29038)
(27464, 28787)
(27464, 28787)
(27213, 28537)
(27213, 28537)
(26962, 28286)
(26962, 28286)
(26711, 28035)
(26711, 28035)
(26460, 27784)
(26460, 27784)
(26209, 27533)
(26209, 27533)
(25958, 27282)
(25958, 27282)
(25707, 27031)
(25707, 27031)
(25457, 26780)
(25457, 26780)
(25206, 26529)
(25206, 26529)
(24955, 26278)
(24955, 26278)
(24704, 26027)
(24704, 26027)
(24453, 25776)
(24453, 25776)
(24202, 25526)
(24202, 25526)
(23951, 25275)
(23951, 25275)
(23700, 25024)
(23700, 25024)
(23449, 24773)
(23449, 24773)
(23198, 24522)
(23198, 24522)
(22947, 24271)
(22947, 24271)
(22696, 24020)
(22696, 24020)
(22446, 23769)
(22446, 24432)
(22694, 24680)
(22694, 24680)
(22943, 24929)
(22943, 24929)
(23192, 25178)
(23192, 25178)
(23441, 25427)
(23441, 25427)
(23689, 25675)
(23689, 25675)
(23938, 25924)
(23938, 25924)
(24187, 26173)
(24187, 26173)
(24436, 26422)
(24436, 26422)
(24685, 26670)
(24685, 26670)
(24933, 26919)
(24933, 26919)
(25182, 27168)
(25182, 27168)
(25431, 27417)
(25431, 27417)
(25680, 27666)
(25680, 27666)
(25928, 27914)
(25928, 27914)
(26177, 28163)
(26177, 28163)
(26426, 28412)
(26426, 28412)
(26675, 28661)
(26675, 28661)
(26923, 28909)
(26923, 28909)
(27172, 29158)
(27172, 29158)
(27421, 29407)
(27421, 29407)
(27670, 29656)
(27670, 29656)
(27919, 29905)
(27919, 29905)
(28167, 30153)
(28167, 30153)
(28416, 30402)
(28416, 30402)
(28665, 30651)
(28665, 30651)
(28914, 30900)
(28914, 30900)
(29162, 31148)
(29162, 31148)
(29411, 31397)
(29411, 31397)
(29660, 31646)
(29660, 31646)
(29909, 31895)
(29909, 31895)
(30157, 32143)
(30157, 32143)
(30406, 32392)
(30406, 32392)
(30655, 32641)
(30655, 32641)
(30904, 32890)
(30904, 32890)
(31153, 33139)
(31153, 33139)
(31401, 33387)
(31401, 33387)
(31650, 33636)
(31650, 33636)
(31899, 33885)
(31899, 33885)
(32148, 34134)
(32148, 34134)
(32396, 34382)
(32396, 34382)
(32645, 34631)
(32645, 34631)
(32894, 34880)
(32894, 34880)
(33143, 35129)
(33143, 35129)
(33392, 35378)
(33392, 35378)
(33640, 35626)
(33640, 35626)
(33889, 35875)
(33889, 35875)
(34138, 36124)
(34138, 36124)
(34387, 36373)
(34387, 36373)
(34635, 36621)
(34635, 36621)
(34884, 36870)
(34884, 36870)
(35133, 37119)
(35133, 37119)
(35382, 37368)
(35382, 37368)
(35630, 37616)
(35630, 37616)
(35879, 37865)
(35879, 37865)
(36128, 38114)
(36128, 38114)
(36377, 38363)
(36377, 38363)
(36626, 38612)
(36626, 38612)
(36874, 38860)
(36874, 38860)
(37123, 39109)
(37123, 39109)
(37372, 39358)
(37372, 39358)
(37621, 39607)
(37621, 39607)
(37869, 39855)
(37869, 39855)
(38118, 40104)
(38118, 40104)
(38367, 40353)
(38367, 40353)
(38616, 40602)
(38616, 40602)
(38865, 40850)
(38865, 40850)
(39113, 41099)
(39113, 41099)
(39362, 41348)
(39362, 41348)
(39611, 41597)
(39611, 41597)
(39860, 41846)
(39860, 41846)
(40108, 42094)
(40108, 42094)
(40357, 42343)
(40357, 42343)
(40606, 42592)
(40606, 42592)
(40855, 42841)
(40855, 42841)
(41103, 43089)
(40441, 43089)
(40191, 42839)
(40191, 42839)
(39941, 42590)
(39941, 42590)
(39691, 42340)
(39691, 42340)
(39441, 42090)
(39441, 42090)
(39191, 41840)
(39191, 41840)
(38941, 41590)
(38941, 41590)
(38691, 41340)
(38691, 41340)
(38442, 41090)
(38442, 41090)
(38192, 40840)
(38192, 40840)
(37942, 40590)
(37942, 40590)
(37692, 40340)
(37692, 40340)
(37442, 40090)
(37442, 40090)
(37192, 39840)
(37192, 39840)
(36942, 39590)
(36942, 39590)
(36692, 39340)
(36692, 39340)
(36442, 39090)
(36442, 39090)
(36192, 38840)
(36192, 38840)
(35942, 38591)
(35942, 38591)
(35692, 38341)
(35692, 38341)
(35442, 38091)
(35442, 38091)
(35192, 37841)
(35192, 37841)
(34942, 37591)
(34942, 37591)
(34693, 37341)
(34693, 37341)
(34443, 37091)
(34443, 37091)
(34193, 36841)
(34193, 36841)
(33943, 36591)
(33943, 36591)
(33693, 36341)
(33693, 36341)
(33443, 36091)
(33443, 36091)
(33193, 35841)
(33193, 35841)
(32943, 35591)
(32943, 35591)
(32693, 35341)
(32693, 35341)
(32443, 35091)
(32443, 35091)
(32193, 34841)
(32193, 34841)
(31943, 34592)
(31943, 34592)
(31693, 34342)
(31693, 34342)
(31443, 34092)
(31443, 34092)
(31193, 33842)
(31193, 33842)
(30943, 33592)
(30943, 33592)
(30694, 33342)
(30694, 33342)
(30444, 33092)
(30444, 33092)
(30194, 32842)
(30194, 32842)
(29944, 32592)
(29944, 32592)
(29694, 32342)
(29694, 32342)
(29444, 32092)
(29444, 32092)
(29194, 31842)
(29194, 31842)
(28944, 31592)
(28944, 31592)
(28694, 31342)
(28694, 31342)
(28444, 31092)
(28444, 31092)
(28194, 30842)
(28194, 30842)
(27944, 30593)
(27944, 30593)
(27694, 30343)
(27694, 30343)
(27444, 30093)
(27444, 30093)
(27194, 29843)
(27194, 29843)
(26944, 29593)
(26944, 29593)
(26695, 29343)
(26695, 29343)
(26445, 29093)
(26445, 29093)
(26195, 28843)
(26195, 28843)
(25945, 28593)
(25945, 28593)
(25695, 28343)
(25695, 28343)
(25445, 28093)
(25445, 28093)
(25195, 27843)
(25195, 27843)
(24945, 27593)
(24945, 27593)
(24695, 27343)
(24695, 27343)
(24445, 27093)
(24445, 27093)
(24195, 26844)
(24195, 26844)
(23945, 26594)
(23945, 26594)
(23695, 26344)
(23695, 26344)
(23445, 26094)
(23445, 26094)
(23195, 25844)
(23195, 25844)
(22945, 25594)
(22945, 25594)
(22696, 25344)
(22696, 25344)
(22446, 25094)
(22446, 25755)
(22697, 26006)
(22697, 26006)
(22948, 26258)
(22948, 26258)
(23199, 26509)
(23199, 26509)
(23450, 26760)
(23450, 26760)
(23702, 27011)
(23702, 27011)
(23953, 27262)
(23953, 27262)
(24204, 27514)
(24204, 27514)
(24455, 27765)
(24455, 27765)
(24707, 28016)
(24707, 28016)
(24958, 28267)
(24958, 28267)
(25209, 28519)
(25209, 28519)
(25460, 28770)
(25460, 28770)
(25711, 29021)
(25711, 29021)
(25963, 29272)
(25963, 29272)
(26214, 29523)
(26214, 29523)
(26465, 29775)
(26465, 29775)
(26716, 30026)
(26716, 30026)
(26968, 30277)
(26968, 30277)
(27219, 30528)
(27219, 30528)
(27470, 30780)
(27470, 30780)
(27721, 31031)
(27721, 31031)
(27972, 31282)
(27972, 31282)
(28224, 31533)
(28224, 31533)
(28475, 31784)
(28475, 31784)
(28726, 32036)
(28726, 32036)
(28977, 32287)
(28977, 32287)
(29229, 32538)
(29229, 32538)
(29480, 32789)
(29480, 32789)
(29731, 33041)
(29731, 33041)
(29982, 33292)
(29982, 33292)
(30233, 33543)
(30233, 33543)
(30485, 33794)
(30485, 33794)
(30736, 34045)
(30736, 34045)
(30987, 34297)
(30987, 34297)
(31238, 34548)
(31238, 34548)
(31490, 34799)
(31490, 34799)
(31741, 35050)
(31741, 35050)
(31992, 35302)
(31992, 35302)
(32243, 35553)
(32243, 35553)
(32494, 35804)
(32494, 35804)
(32746, 36055)
(32746, 36055)
(32997, 36306)
(32997, 36306)
(33248, 36558)
(33248, 36558)
(33499, 36809)
(33499, 36809)
(33751, 37060)
(33751, 37060)
(34002, 37311)
(34002, 37311)
(34253, 37563)
(34253, 37563)
(34504, 37814)
(34504, 37814)
(34755, 38065)
(34755, 38065)
(35007, 38316)
(35007, 38316)
(35258, 38567)
(35258, 38567)
(35509, 38819)
(35509, 38819)
(35760, 39070)
(35760, 39070)
(36012, 39321)
(36012, 39321)
(36263, 39572)
(36263, 39572)
(36514, 39824)
(36514, 39824)
(36765, 40075)
(36765, 40075)
(37016, 40326)
(37016, 40326)
(37268, 40577)
(37268, 40577)
(37519, 40828)
(37519, 40828)
(37770, 41080)
(37770, 41080)
(38021, 41331)
(38021, 41331)
(38273, 41582)
(38273, 41582)
(38524, 41833)
(38524, 41833)
(38775, 42085)
(38775, 42085)
(39026, 42336)
(39026, 42336)
(39277, 42587)
(39277, 42587)
(39529, 42838)
(39529, 42838)
(39780, 43089)
(39117, 43089)
(38869, 42841)
(38869, 42841)
(38620, 42592)
(38620, 42592)
(38371, 42343)
(38371, 42343)
(38122, 42094)
(38122, 42094)
(37873, 41845)
(37873, 41845)
(37624, 41596)
(37624, 41596)
(37376, 41348)
(37376, 41348)
(37127, 41099)
(37127, 41099)
(36878, 40850)
(36878, 40850)
(36629, 40601)
(36629, 40601)
(36380, 40352)
(36380, 40352)
(36131, 40103)
(36131, 40103)
(35883, 39855)
(35883, 39855)
(35634, 39606)
(35634, 39606)
(35385, 39357)
(35385, 39357)
(35136, 39108)
(35136, 39108)
(34887, 38859)
(34887, 38859)
(34638, 38610)
(34638, 38610)
(34390, 38362)
(34390, 38362)
(34141, 38113)
(34141, 38113)
(33892, 37864)
(33892, 37864)
(33643, 37615)
(33643, 37615)
(33394, 37366)
(33394, 37366)
(33145, 37117)
(33145, 37117)
(32897, 36869)
(32897, 36869)
(32648, 36620)
(32648, 36620)
(32399, 36371)
(32399, 36371)
(32150, 36122)
(32150, 36122)
(31901, 35873)
(31901, 35873)
(31652, 35624)
(31652, 35624)
(31404, 35376)
(31404, 35376)
(31155, 35127)
(31155, 35127)
(30906, 34878)
(30906, 34878)
(30657, 34629)
(30657, 34629)
(30408, 34380)
(30408, 34380)
(30159, 34131)
(30159, 34131)
(29911, 33883)
(29911, 33883)
(29662, 33634)
(29662, 33634)
(29413, 33385)
(29413, 33385)
(29164, 33136)
(29164, 33136)
(28915, 32887)
(28915, 32887)
(28666, 32638)
(28666, 32638)
(28418, 32390)
(28418, 32390)
(28169, 32141)
(28169, 32141)
(27920, 31892)
(27920, 31892)
(27671, 31643)
(27671, 31643)
(27422, 31394)
(27422, 31394)
(27173, 31145)
(27173, 31145)
(26925, 30897)
(26925, 30897)
(26676, 30648)
(26676, 30648)
(26427, 30399)
(26427, 30399)
(26178, 30150)
(26178, 30150)
(25929, 29901)
(25929, 29901)
(25680, 29652)
(25680, 29652)
(25432, 29404)
(25432, 29404)
(25183, 29155)
(25183, 29155)
(24934, 28906)
(24934, 28906)
(24685, 28657)
(24685, 28657)
(24436, 28408)
(24436, 28408)
(24187, 28159)
(24187, 28159)
(23939, 27911)
(23939, 27911)
(23690, 27662)
(23690, 27662)
(23441, 27413)
(23441, 27413)
(23192, 27164)
(23192, 27164)
(22943, 26915)
(22943, 26915)
(22694, 26666)
(22694, 26666)
(22446, 26418)
(22446, 27080)
(22696, 27330)
(22696, 27330)
(22946, 27580)
(22946, 27580)
(23196, 27830)
(23196, 27830)
(23446, 28081)
(23446, 28081)
(23696, 28331)
(23696, 28331)
(23946, 28581)
(23946, 28581)
(24197, 28831)
(24197, 28831)
(24447, 29081)
(24447, 29081)
(24697, 29331)
(24697, 29331)
(24947, 29581)
(24947, 29581)
(25197, 29832)
(25197, 29832)
(25447, 30082)
(25447, 30082)
(25698, 30332)
(25698, 30332)
(25948, 30582)
(25948, 30582)
(26198, 30832)
(26198, 30832)
(26448, 31082)
(26448, 31082)
(26698, 31332)
(26698, 31332)
(26948, 31583)
(26948, 31583)
(27198, 31833)
(27198, 31833)
(27449, 32083)
(27449, 32083)
(27699, 32333)
(27699, 32333)
(27949, 32583)
(27949, 32583)
(28199, 32833)
(28199, 32833)
(28449, 33083)
(28449, 33083)
(28699, 33334)
(28699, 33334)
(28949, 33584)
(28949, 33584)
(29200, 33834)
(29200, 33834)
(29450, 34084)
(29450, 34084)
(29700, 34334)
(29700, 34334)
(29950, 34584)
(29950, 34584)
(30200, 34835)
(30200, 34835)
(30450, 35085)
(30450, 35085)
(30700, 35335)
(30700, 35335)
(30951, 35585)
(30951, 35585)
(31201, 35835)
(31201, 35835)
(31451, 36085)
(31451, 36085)
(31701, 36335)
(31701, 36335)
(31951, 36586)
(31951, 36586)
(32201, 36836)
(32201, 36836)
(32452, 37086)
(32452, 37086)
(32702, 37336)
(32702, 37336)
(32952, 37586)
(32952, 37586)
(33202, 37836)
(33202, 37836)
(33452, 38086)
(33452, 38086)
(33702, 38337)
(33702, 38337)
(33952, 38587)
(33952, 38587)
(34203, 38837)
(34203, 38837)
(34453, 39087)
(34453, 39087)
(34703, 39337)
(34703, 39337)
(34953, 39587)
(34953, 39587)
(35203, 39837)
(35203, 39837)
(35453, 40088)
(35453, 40088)
(35703, 40338)
(35703, 40338)
(35954, 40588)
(35954, 40588)
(36204, 40838)
(36204, 40838)
(36454, 41088)
(36454, 41088)
(36704, 41338)
(36704, 41338)
(36954, 41589)
(36954, 41589)
(37204, 41839)
(37204, 41839)
(37454, 42089)
(37454, 42089)
(37705, 42339)
(37705, 42339)
(37955, 42589)
(37955, 42589)
(38205, 42839)
(38205, 42839)
(38455, 43089)
(37793, 43089)
(37541, 42838)
(37541, 42838)
(37290, 42586)
(37290, 42586)
(37038, 42335)
(37038, 42335)
(36786, 42083)
(36786, 42083)
(36535, 41831)
(36535, 41831)
(36283, 41580)
(36283, 41580)
(36032, 41328)
(36032, 41328)
(35780, 41077)
(35780, 41077)
(35528, 40825)
(35528, 40825)
(35277, 40573)
(35277, 40573)
(35025, 40322)
(35025, 40322)
(34774, 40070)
(34774, 40070)
(34522, 39818)
(34522, 39818)
(34270, 39567)
(34270, 39567)
(34019, 39315)
(34019, 39315)
(33767, 39064)
(33767, 39064)
(33516, 38812)
(33516, 38812)
(33264, 38560)
(33264, 38560)
(33012, 38309)
(33012, 38309)
(32761, 38057)
(32761, 38057)
(32509, 37806)
(32509, 37806)
(32258, 37554)
(32258, 37554)
(32006, 37302)
(32006, 37302)
(31754, 37051)
(31754, 37051)
(31503, 36799)
(31503, 36799)
(31251, 36548)
(31251, 36548)
(31000, 36296)
(31000, 36296)
(30748, 36044)
(30748, 36044)
(30497, 35793)
(30497, 35793)
(30245, 35541)
(30245, 35541)
(29993, 35289)
(29993, 35289)
(29742, 35038)
(29742, 35038)
(29490, 34786)
(29490, 34786)
(29239, 34535)
(29239, 34535)
(28987, 34283)
(28987, 34283)
(28735, 34031)
(28735, 34031)
(28484, 33780)
(28484, 33780)
(28232, 33528)
(28232, 33528)
(27981, 33277)
(27981, 33277)
(27729, 33025)
(27729, 33025)
(27477, 32773)
(27477, 32773)
(27226, 32522)
(27226, 32522)
(26974, 32270)
(26974, 32270)
(26723, 32019)
(26723, 32019)
(26471, 31767)
(26471, 31767)
(26219, 31515)
(26219, 31515)
(25968, 31264)
(25968, 31264)
(25716, 31012)
(25716, 31012)
(25465, 30760)
(25465, 30760)
(25213, 30509)
(25213, 30509)
(24962, 30257)
(24962, 30257)
(24710, 30006)
(24710, 30006)
(24458, 29754)
(24458, 29754)
(24207, 29502)
(24207, 29502)
(23955, 29251)
(23955, 29251)
(23704, 28999)
(23704, 28999)
(23452, 28748)
(23452, 28748)
(23200, 28496)
(23200, 28496)
(22949, 28244)
(22949, 28244)
(22697, 27993)
(22697, 27993)
(22446, 27741)
(22446, 28404)
(22694, 28652)
(22694, 28652)
(22943, 28901)
(22943, 28901)
(23192, 29150)
(23192, 29150)
(23441, 29399)
(23441, 29399)
(23690, 29648)
(23690, 29648)
(23939, 29897)
(23939, 29897)
(24188, 30146)
(24188, 30146)
(24437, 30395)
(24437, 30395)
(24686, 30644)
(24686, 30644)
(24935, 30893)
(24935, 30893)
(25184, 31142)
(25184, 31142)
(25433, 31390)
(25433, 31390)
(25681, 31639)
(25681, 31639)
(25930, 31888)
(25930, 31888)
(26179, 32137)
(26179, 32137)
(26428, 32386)
(26428, 32386)
(26677, 32635)
(26677, 32635)
(26926, 32884)
(26926, 32884)
(27175, 33133)
(27175, 33133)
(27424, 33382)
(27424, 33382)
(27673, 33631)
(27673, 33631)
(27922, 33880)
(27922, 33880)
(28171, 34129)
(28171, 34129)
(28420, 34377)
(28420, 34377)
(28668, 34626)
(28668, 34626)
(28917, 34875)
(28917, 34875)
(29166, 35124)
(29166, 35124)
(29415, 35373)
(29415, 35373)
(29664, 35622)
(29664, 35622)
(29913, 35871)
(29913, 35871)
(30162, 36120)
(30162, 36120)
(30411, 36369)
(30411, 36369)
(30660, 36618)
(30660, 36618)
(30909, 36867)
(30909, 36867)
(31158, 37115)
(31158, 37115)
(31406, 37364)
(31406, 37364)
(31655, 37613)
(31655, 37613)
(31904, 37862)
(31904, 37862)
(32153, 38111)
(32153, 38111)
(32402, 38360)
(32402, 38360)
(32651, 38609)
(32651, 38609)
(32900, 38858)
(32900, 38858)
(33149, 39107)
(33149, 39107)
(33398, 39356)
(33398, 39356)
(33647, 39605)
(33647, 39605)
(33896, 39854)
(33896, 39854)
(34145, 40102)
(34145, 40102)
(34393, 40351)
(34393, 40351)
(34642, 40600)
(34642, 40600)
(34891, 40849)
(34891, 40849)
(35140, 41098)
(35140, 41098)
(35389, 41347)
(35389, 41347)
(35638, 41596)
(35638, 41596)
(35887, 41845)
(35887, 41845)
(36136, 42094)
(36136, 42094)
(36385, 42343)
(36385, 42343)
(36634, 42592)
(36634, 42592)
(36883, 42841)
(36883, 42841)
(37131, 43089)
(36469, 43089)
(36219, 42839)
(36219, 42839)
(35968, 42589)
(35968, 42589)
(35718, 42338)
(35718, 42338)
(35467, 42088)
(35467, 42088)
(35217, 41837)
(35217, 41837)
(34967, 41587)
(34967, 41587)
(34716, 41336)
(34716, 41336)
(34466, 41086)
(34466, 41086)
(34215, 40836)
(34215, 40836)
(33965, 40585)
(33965, 40585)
(33714, 40335)
(33714, 40335)
(33464, 40084)
(33464, 40084)
(33214, 39834)
(33214, 39834)
(32963, 39584)
(32963, 39584)
(32713, 39333)
(32713, 39333)
(32462, 39083)
(32462, 39083)
(32212, 38832)
(32212, 38832)
(31962, 38582)
(31962, 38582)
(31711, 38331)
(31711, 38331)
(31461, 38081)
(31461, 38081)
(31210, 37831)
(31210, 37831)
(30960, 37580)
(30960, 37580)
(30709, 37330)
(30709, 37330)
(30459, 37079)
(30459, 37079)
(30209, 36829)
(30209, 36829)
(29958, 36578)
(29958, 36578)
(29708, 36328)
(29708, 36328)
(29457, 36078)
(29457, 36078)
(29207, 35827)
(29207, 35827)
(28957, 35577)
(28957, 35577)
(28706, 35326)
(28706, 35326)
(28456, 35076)
(28456, 35076)
(28205, 34826)
(28205, 34826)
(27955, 34575)
(27955, 34575)
(27704, 34325)
(27704, 34325)
(27454, 34074)
(27454, 34074)
(27204, 33824)
(27204, 33824)
(26953, 33573)
(26953, 33573)
(26703, 33323)
(26703, 33323)
(26452, 33073)
(26452, 33073)
(26202, 32822)
(26202, 32822)
(25951, 32572)
(25951, 32572)
(25701, 32321)
(25701, 32321)
(25451, 32071)
(25451, 32071)
(25200, 31821)
(25200, 31821)
(24950, 31570)
(24950, 31570)
(24699, 31320)
(24699, 31320)
(24449, 31069)
(24449, 31069)
(24199, 30819)
(24199, 30819)
(23948, 30568)
(23948, 30568)
(23698, 30318)
(23698, 30318)
(23447, 30068)
(23447, 30068)
(23197, 29817)
(23197, 29817)
(22946, 29567)
(22946, 29567)
(22696, 29316)
(22696, 29316)
(22446, 29066)
(22446, 29727)
(22698, 29979)
(22698, 29979)
(22950, 30231)
(22950, 30231)
(23202, 30483)
(23202, 30483)
(23454, 30736)
(23454, 30736)
(23706, 30988)
(23706, 30988)
(23958, 31240)
(23958, 31240)
(24210, 31492)
(24210, 31492)
(24462, 31744)
(24462, 31744)
(24714, 31996)
(24714, 31996)
(24967, 32248)
(24967, 32248)
(25219, 32500)
(25219, 32500)
(25471, 32753)
(25471, 32753)
(25723, 33005)
(25723, 33005)
(25975, 33257)
(25975, 33257)
(26227, 33509)
(26227, 33509)
(26479, 33761)
(26479, 33761)
(26731, 34013)
(26731, 34013)
(26983, 34265)
(26983, 34265)
(27235, 34517)
(27235, 34517)
(27488, 34769)
(27488, 34769)
(27740, 35022)
(27740, 35022)
(27992, 35274)
(27992, 35274)
(28244, 35526)
(28244, 35526)
(28496, 35778)
(28496, 35778)
(28748, 36030)
(28748, 36030)
(29000, 36282)
(29000, 36282)
(29252, 36534)
(29252, 36534)
(29504, 36786)
(29504, 36786)
(29756, 37039)
(29756, 37039)
(30008, 37291)
(30008, 37291)
(30261, 37543)
(30261, 37543)
(30513, 37795)
(30513, 37795)
(30765, 38047)
(30765, 38047)
(31017, 38299)
(31017, 38299)
(31269, 38551)
(31269, 38551)
(31521, 38803)
(31521, 38803)
(31773, 39056)
(31773, 39056)
(32025, 39308)
(32025, 39308)
(32277, 39560)
(32277, 39560)
(32529, 39812)
(32529, 39812)
(32782, 40064)
(32782, 40064)
(33034, 40316)
(33034, 40316)
(33286, 40568)
(33286, 40568)
(33538, 40820)
(33538, 40820)
(33790, 41072)
(33790, 41072)
(34042, 41325)
(34042, 41325)
(34294, 41577)
(34294, 41577)
(34546, 41829)
(34546, 41829)
(34798, 42081)
(34798, 42081)
(35050, 42333)
(35050, 42333)
(35303, 42585)
(35303, 42585)
(35555, 42837)
(35555, 42837)
(35807, 43089)
(35146, 43089)
(34897, 42840)
(34897, 42840)
(34647, 42591)
(34647, 42591)
(34398, 42342)
(34398, 42342)
(34149, 42093)
(34149, 42093)
(33900, 41844)
(33900, 41844)
(33651, 41595)
(33651, 41595)
(33402, 41346)
(33402, 41346)
(33153, 41097)
(33153, 41097)
(32904, 40848)
(32904, 40848)
(32655, 40599)
(32655, 40599)
(32406, 40350)
(32406, 40350)
(32157, 40101)
(32157, 40101)
(31908, 39852)
(31908, 39852)
(31659, 39603)
(31659, 39603)
(31410, 39354)
(31410, 39354)
(31161, 39105)
(31161, 39105)
(30912, 38856)
(30912, 38856)
(30663, 38607)
(30663, 38607)
(30414, 38358)
(30414, 38358)
(30165, 38109)
(30165, 38109)
(29916, 37860)
(29916, 37860)
(29667, 37611)
(29667, 37611)
(29418, 37362)
(29418, 37362)
(29169, 37113)
(29169, 37113)
(28920, 36864)
(28920, 36864)
(28671, 36615)
(28671, 36615)
(28422, 36366)
(28422, 36366)
(28173, 36117)
(28173, 36117)
(27924, 35868)
(27924, 35868)
(27675, 35619)
(27675, 35619)
(27426, 35370)
(27426, 35370)
(27177, 35121)
(27177, 35121)
(26928, 34872)
(26928, 34872)
(26679, 34623)
(26679, 34623)
(26430, 34374)
(26430, 34374)
(26181, 34125)
(26181, 34125)
(25932, 33876)
(25932, 33876)
(25683, 33627)
(25683, 33627)
(25434, 33378)
(25434, 33378)
(25185, 33129)
(25185, 33129)
(24936, 32880)
(24936, 32880)
(24687, 32631)
(24687, 32631)
(24438, 32382)
(24438, 32382)
(24189, 32133)
(24189, 32133)
(23940, 31884)
(23940, 31884)
(23691, 31635)
(23691, 31635)
(23442, 31386)
(23442, 31386)
(23193, 31137)
(23193, 31137)
(22944, 30888)
(22944, 30888)
(22695, 30638)
(22695, 30638)
(22446, 30389)
(22446, 31052)
(22696, 31303)
(22696, 31303)
(22947, 31553)
(22947, 31553)
(23198, 31804)
(23198, 31804)
(23449, 32055)
(23449, 32055)
(23699, 32306)
(23699, 32306)
(23950, 32557)
(23950, 32557)
(24201, 32807)
(24201, 32807)
(24452, 33058)
(24452, 33058)
(24703, 33309)
(24703, 33309)
(24953, 33560)
(24953, 33560)
(25204, 33810)
(25204, 33810)
(25455, 34061)
(25455, 34061)
(25706, 34312)
(25706, 34312)
(25957, 34563)
(25957, 34563)
(26207, 34814)
(26207, 34814)
(26458, 35064)
(26458, 35064)
(26709, 35315)
(26709, 35315)
(26960, 35566)
(26960, 35566)
(27210, 35817)
(27210, 35817)
(27461, 36068)
(27461, 36068)
(27712, 36318)
(27712, 36318)
(27963, 36569)
(27963, 36569)
(28214, 36820)
(28214, 36820)
(28464, 37071)
(28464, 37071)
(28715, 37321)
(28715, 37321)
(28966, 37572)
(28966, 37572)
(29217, 37823)
(29217, 37823)
(29467, 38074)
(29467, 38074)
(29718, 38325)
(29718, 38325)
(29969, 38575)
(29969, 38575)
(30220, 38826)
(30220, 38826)
(30471, 39077)
(30471, 39077)
(30721, 39328)
(30721, 39328)
(30972, 39578)
(30972, 39578)
(31223, 39829)
(31223, 39829)
(31474, 40080)
(31474, 40080)
(31725, 40331)
(31725, 40331)
(31975, 40582)
(31975, 40582)
(32226, 40832)
(32226, 40832)
(32477, 41083)
(32477, 41083)
(32728, 41334)
(32728, 41334)
(32978, 41585)
(32978, 41585)
(33229, 41836)
(33229, 41836)
(33480, 42086)
(33480, 42086)
(33731, 42337)
(33731, 42337)
(33982, 42588)
(33982, 42588)
(34232, 42839)
(34232, 42839)
(34483, 43089)
(33821, 43089)
(33568, 42837)
(33568, 42837)
(33315, 42584)
(33315, 42584)
(33062, 42331)
(33062, 42331)
(32810, 42078)
(32810, 42078)
(32557, 41825)
(32557, 41825)
(32304, 41573)
(32304, 41573)
(32051, 41320)
(32051, 41320)
(31799, 41067)
(31799, 41067)
(31546, 40814)
(31546, 40814)
(31293, 40561)
(31293, 40561)
(31040, 40309)
(31040, 40309)
(30787, 40056)
(30787, 40056)
(30535, 39803)
(30535, 39803)
(30282, 39550)
(30282, 39550)
(30029, 39297)
(30029, 39297)
(29776, 39044)
(29776, 39044)
(29523, 38792)
(29523, 38792)
(29271, 38539)
(29271, 38539)
(29018, 38286)
(29018, 38286)
(28765, 38033)
(28765, 38033)
(28512, 37780)
(28512, 37780)
(28260, 37528)
(28260, 37528)
(28007, 37275)
(28007, 37275)
(27754, 37022)
(27754, 37022)
(27501, 36769)
(27501, 36769)
(27248, 36516)
(27248, 36516)
(26996, 36264)
(26996, 36264)
(26743, 36011)
(26743, 36011)
(26490, 35758)
(26490, 35758)
(26237, 35505)
(26237, 35505)
(25985, 35252)
(25985, 35252)
(25732, 35000)
(25732, 35000)
(25479, 34747)
(25479, 34747)
(25226, 34494)
(25226, 34494)
(24973, 34241)
(24973, 34241)
(24721, 33988)
(24721, 33988)
(24468, 33736)
(24468, 33736)
(24215, 33483)
(24215, 33483)
(23962, 33230)
(23962, 33230)
(23709, 32977)
(23709, 32977)
(23457, 32724)
(23457, 32724)
(23204, 32471)
(23204, 32471)
(22951, 32219)
(22951, 32219)
(22698, 31966)
(22698, 31966)
(22446, 31713)
(22446, 32375)
(22695, 32625)
(22695, 32625)
(22944, 32874)
(22944, 32874)
(23193, 33123)
(23193, 33123)
(23442, 33372)
(23442, 33372)
(23691, 33621)
(23691, 33621)
(23941, 33870)
(23941, 33870)
(24190, 34120)
(24190, 34120)
(24439, 34369)
(24439, 34369)
(24688, 34618)
(24688, 34618)
(24937, 34867)
(24937, 34867)
(25186, 35116)
(25186, 35116)
(25436, 35365)
(25436, 35365)
(25685, 35615)
(25685, 35615)
(25934, 35864)
(25934, 35864)
(26183, 36113)
(26183, 36113)
(26432, 36362)
(26432, 36362)
(26681, 36611)
(26681, 36611)
(26931, 36860)
(26931, 36860)
(27180, 37110)
(27180, 37110)
(27429, 37359)
(27429, 37359)
(27678, 37608)
(27678, 37608)
(27927, 37857)
(27927, 37857)
(28176, 38106)
(28176, 38106)
(28425, 38355)
(28425, 38355)
(28675, 38604)
(28675, 38604)
(28924, 38854)
(28924, 38854)
(29173, 39103)
(29173, 39103)
(29422, 39352)
(29422, 39352)
(29671, 39601)
(29671, 39601)
(29920, 39850)
(29920, 39850)
(30170, 40099)
(30170, 40099)
(30419, 40349)
(30419, 40349)
(30668, 40598)
(30668, 40598)
(30917, 40847)
(30917, 40847)
(31166, 41096)
(31166, 41096)
(31415, 41345)
(31415, 41345)
(31665, 41594)
(31665, 41594)
(31914, 41844)
(31914, 41844)
(32163, 42093)
(32163, 42093)
(32412, 42342)
(32412, 42342)
(32661, 42591)
(32661, 42591)
(32910, 42840)
(32910, 42840)
(33160, 43089)
(32497, 43089)
(32246, 42838)
(32246, 42838)
(31995, 42587)
(31995, 42587)
(31743, 42336)
(31743, 42336)
(31492, 42084)
(31492, 42084)
(31241, 41833)
(31241, 41833)
(30989, 41582)
(30989, 41582)
(30738, 41330)
(30738, 41330)
(30487, 41079)
(30487, 41079)
(30236, 40828)
(30236, 40828)
(29984, 40577)
(29984, 40577)
(29733, 40325)
(29733, 40325)
(29482, 40074)
(29482, 40074)
(29230, 39823)
(29230, 39823)
(28979, 39571)
(28979, 39571)
(28728, 39320)
(28728, 39320)
(28477, 39069)
(28477, 39069)
(28225, 38818)
(28225, 38818)
(27974, 38566)
(27974, 38566)
(27723, 38315)
(27723, 38315)
(27471, 38064)
(27471, 38064)
(27220, 37812)
(27220, 37812)
(26969, 37561)
(26969, 37561)
(26717, 37310)
(26717, 37310)
(26466, 37058)
(26466, 37058)
(26215, 36807)
(26215, 36807)
(25964, 36556)
(25964, 36556)
(25712, 36305)
(25712, 36305)
(25461, 36053)
(25461, 36053)
(25210, 35802)
(25210, 35802)
(24958, 35551)
(24958, 35551)
(24707, 35299)
(24707, 35299)
(24456, 35048)
(24456, 35048)
(24205, 34797)
(24205, 34797)
(23953, 34546)
(23953, 34546)
(23702, 34294)
(23702, 34294)
(23451, 34043)
(23451, 34043)
(23199, 33792)
(23199, 33792)
(22948, 33540)
(22948, 33540)
(22697, 33289)
(22697, 33289)
(22446, 33038)
(22446, 33699)
(22699, 33953)
(22699, 33953)
(22953, 34207)
(22953, 34207)
(23207, 34460)
(23207, 34460)
(23461, 34714)
(23461, 34714)
(23714, 34968)
(23714, 34968)
(23968, 35222)
(23968, 35222)
(24222, 35476)
(24222, 35476)
(24476, 35729)
(24476, 35729)
(24729, 35983)
(24729, 35983)
(24983, 36237)
(24983, 36237)
(25237, 36491)
(25237, 36491)
(25491, 36745)
(25491, 36745)
(25744, 36998)
(25744, 36998)
(25998, 37252)
(25998, 37252)
(26252, 37506)
(26252, 37506)
(26506, 37760)
(26506, 37760)
(26760, 38014)
(26760, 38014)
(27013, 38267)
(27013, 38267)
(27267, 38521)
(27267, 38521)
(27521, 38775)
(27521, 38775)
(27775, 39029)
(27775, 39029)
(28028, 39283)
(28028, 39283)
(28282, 39536)
(28282, 39536)
(28536, 39790)
(28536, 39790)
(28790, 40044)
(28790, 40044)
(29043, 40298)
(29043, 40298)
(29297, 40551)
(29297, 40551)
(29551, 40805)
(29551, 40805)
(29805, 41059)
(29805, 41059)
(30058, 41313)
(30058, 41313)
(30312, 41567)
(30312, 41567)
(30566, 41820)
(30566, 41820)
(30820, 42074)
(30820, 42074)
(31073, 42328)
(31073, 42328)
(31327, 42582)
(31327, 42582)
(31581, 42836)
(31581, 42836)
(31835, 43089)
(31174, 43089)
(30924, 42840)
(30924, 42840)
(30675, 42591)
(30675, 42591)
(30425, 42341)
(30425, 42341)
(30176, 42092)
(30176, 42092)
(29927, 41843)
(29927, 41843)
(29677, 41593)
(29677, 41593)
(29428, 41344)
(29428, 41344)
(29179, 41094)
(29179, 41094)
(28929, 40845)
(28929, 40845)
(28680, 40596)
(28680, 40596)
(28430, 40346)
(28430, 40346)
(28181, 40097)
(28181, 40097)
(27932, 39848)
(27932, 39848)
(27682, 39598)
(27682, 39598)
(27433, 39349)
(27433, 39349)
(27184, 39099)
(27184, 39099)
(26934, 38850)
(26934, 38850)
(26685, 38601)
(26685, 38601)
(26436, 38351)
(26436, 38351)
(26186, 38102)
(26186, 38102)
(25937, 37853)
(25937, 37853)
(25687, 37603)
(25687, 37603)
(25438, 37354)
(25438, 37354)
(25189, 37105)
(25189, 37105)
(24939, 36855)
(24939, 36855)
(24690, 36606)
(24690, 36606)
(24441, 36356)
(24441, 36356)
(24191, 36107)
(24191, 36107)
(23942, 35858)
(23942, 35858)
(23692, 35608)
(23692, 35608)
(23443, 35359)
(23443, 35359)
(23194, 35110)
(23194, 35110)
(22944, 34860)
(22944, 34860)
(22695, 34611)
(22695, 34611)
(22446, 34361)
(22446, 35024)
(22698, 35276)
(22698, 35276)
(22950, 35528)
(22950, 35528)
(23202, 35780)
(23202, 35780)
(23454, 36032)
(23454, 36032)
(23706, 36284)
(23706, 36284)
(23958, 36536)
(23958, 36536)
(24210, 36788)
(24210, 36788)
(24462, 37040)
(24462, 37040)
(24714, 37292)
(24714, 37292)
(24966, 37544)
(24966, 37544)
(25218, 37796)
(25218, 37796)
(25470, 38048)
(25470, 38048)
(25722, 38300)
(25722, 38300)
(25974, 38553)
(25974, 38553)
(26226, 38805)
(26226, 38805)
(26478, 39057)
(26478, 39057)
(26730, 39309)
(26730, 39309)
(26982, 39561)
(26982, 39561)
(27235, 39813)
(27235, 39813)
(27487, 40065)
(27487, 40065)
(27739, 40317)
(27739, 40317)
(27991, 40569)
(27991, 40569)
(28243, 40821)
(28243, 40821)
(28495, 41073)
(28495, 41073)
(28747, 41325)
(28747, 41325)
(28999, 41577)
(28999, 41577)
(29251, 41829)
(29251, 41829)
(29503, 42081)
(29503, 42081)
(29755, 42333)
(29755, 42333)
(30007, 42585)
(30007, 42585)
(30259, 42837)
(30259, 42837)
(30511, 43089)
(29849, 43089)
(29594, 42834)
(29594, 42834)
(29338, 42579)
(29338, 42579)
(29083, 42323)
(29083, 42323)
(28828, 42068)
(28828, 42068)
(28572, 41813)
(28572, 41813)
(28317, 41557)
(28317, 41557)
(28062, 41302)
(28062, 41302)
(27807, 41047)
(27807, 41047)
(27551, 40792)
(27551, 40792)
(27296, 40536)
(27296, 40536)
(27041, 40281)
(27041, 40281)
(26785, 40026)
(26785, 40026)
(26530, 39770)
(26530, 39770)
(26275, 39515)
(26275, 39515)
(26020, 39260)
(26020, 39260)
(25764, 39004)
(25764, 39004)
(25509, 38749)
(25509, 38749)
(25254, 38494)
(25254, 38494)
(24998, 38238)
(24998, 38238)
(24743, 37983)
(24743, 37983)
(24488, 37728)
(24488, 37728)
(24233, 37472)
(24233, 37472)
(23977, 37217)
(23977, 37217)
(23722, 36962)
(23722, 36962)
(23467, 36706)
(23467, 36706)
(23211, 36451)
(23211, 36451)
(22956, 36196)
(22956, 36196)
(22701, 35940)
(22701, 35940)
(22446, 35685)
(22446, 36347)
(22695, 36597)
(22695, 36597)
(22945, 36847)
(22945, 36847)
(23195, 37097)
(23195, 37097)
(23444, 37346)
(23444, 37346)
(23694, 37596)
(23694, 37596)
(23944, 37846)
(23944, 37846)
(24194, 38095)
(24194, 38095)
(24443, 38345)
(24443, 38345)
(24693, 38595)
(24693, 38595)
(24943, 38844)
(24943, 38844)
(25192, 39094)
(25192, 39094)
(25442, 39344)
(25442, 39344)
(25692, 39594)
(25692, 39594)
(25941, 39843)
(25941, 39843)
(26191, 40093)
(26191, 40093)
(26441, 40343)
(26441, 40343)
(26691, 40592)
(26691, 40592)
(26940, 40842)
(26940, 40842)
(27190, 41092)
(27190, 41092)
(27440, 41341)
(27440, 41341)
(27689, 41591)
(27689, 41591)
(27939, 41841)
(27939, 41841)
(28189, 42091)
(28189, 42091)
(28438, 42340)
(28438, 42340)
(28688, 42590)
(28688, 42590)
(28938, 42840)
(28938, 42840)
(29188, 43089)
(28525, 43089)
(28272, 42836)
(28272, 42836)
(28019, 42583)
(28019, 42583)
(27765, 42329)
(27765, 42329)
(27512, 42076)
(27512, 42076)
(27259, 41823)
(27259, 41823)
(27005, 41570)
(27005, 41570)
(26752, 41316)
(26752, 41316)
(26499, 41063)
(26499, 41063)
(26245, 40810)
(26245, 40810)
(25992, 40556)
(25992, 40556)
(25739, 40303)
(25739, 40303)
(25485, 40050)
(25485, 40050)
(25232, 39796)
(25232, 39796)
(24979, 39543)
(24979, 39543)
(24725, 39290)
(24725, 39290)
(24472, 39036)
(24472, 39036)
(24219, 38783)
(24219, 38783)
(23965, 38530)
(23965, 38530)
(23712, 38276)
(23712, 38276)
(23459, 38023)
(23459, 38023)
(23206, 37770)
(23206, 37770)
(22952, 37516)
(22952, 37516)
(22699, 37263)
(22699, 37263)
(22446, 37010)
(22446, 37672)
(22704, 37930)
(22704, 37930)
(22962, 38188)
(22962, 38188)
(23219, 38446)
(23219, 38446)
(23477, 38704)
(23477, 38704)
(23735, 38962)
(23735, 38962)
(23993, 39220)
(23993, 39220)
(24251, 39478)
(24251, 39478)
(24509, 39736)
(24509, 39736)
(24767, 39994)
(24767, 39994)
(25025, 40252)
(25025, 40252)
(25283, 40510)
(25283, 40510)
(25541, 40768)
(25541, 40768)
(25799, 41026)
(25799, 41026)
(26057, 41284)
(26057, 41284)
(26315, 41542)
(26315, 41542)
(26573, 41800)
(26573, 41800)
(26831, 42058)
(26831, 42058)
(27089, 42316)
(27089, 42316)
(27347, 42573)
(27347, 42573)
(27605, 42831)
(27605, 42831)
(27863, 43089)
(27202, 43089)
(26951, 42839)
(26951, 42839)
(26701, 42589)
(26701, 42589)
(26451, 42338)
(26451, 42338)
(26200, 42088)
(26200, 42088)
(25950, 41838)
(25950, 41838)
(25700, 41588)
(25700, 41588)
(25449, 41337)
(25449, 41337)
(25199, 41087)
(25199, 41087)
(24949, 40837)
(24949, 40837)
(24698, 40586)
(24698, 40586)
(24448, 40336)
(24448, 40336)
(24198, 40086)
(24198, 40086)
(23947, 39835)
(23947, 39835)
(23697, 39585)
(23697, 39585)
(23447, 39335)
(23447, 39335)
(23197, 39084)
(23197, 39084)
(22946, 38834)
(22946, 38834)
(22696, 38584)
(22696, 38584)
(22446, 38333)
(22446, 38996)
(22701, 39252)
(22701, 39252)
(22957, 39507)
(22957, 39507)
(23213, 39763)
(23213, 39763)
(23469, 40019)
(23469, 40019)
(23725, 40275)
(23725, 40275)
(23981, 40531)
(23981, 40531)
(24237, 40787)
(24237, 40787)
(24492, 41043)
(24492, 41043)
(24748, 41298)
(24748, 41298)
(25004, 41554)
(25004, 41554)
(25260, 41810)
(25260, 41810)
(25516, 42066)
(25516, 42066)
(25772, 42322)
(25772, 42322)
(26028, 42578)
(26028, 42578)
(26283, 42834)
(26283, 42834)
(26539, 43089)
(25877, 43089)
(25613, 42825)
(25613, 42825)
(25349, 42562)
(25349, 42562)
(25085, 42298)
(25085, 42298)
(24821, 42034)
(24821, 42034)
(24557, 41770)
(24557, 41770)
(24293, 41506)
(24293, 41506)
(24029, 41242)
(24029, 41242)
(23765, 40978)
(23765, 40978)
(23501, 40714)
(23501, 40714)
(23237, 40450)
(23237, 40450)
(22973, 40186)
(22973, 40186)
(22710, 39922)
(22710, 39922)
(22446, 39658)
(22446, 40319)
(22697, 40571)
(22697, 40571)
(22949, 40823)
(22949, 40823)
(23201, 41075)
(23201, 41075)
(23452, 41327)
(23452, 41327)
(23704, 41578)
(23704, 41578)
(23956, 41830)
(23956, 41830)
(24208, 42082)
(24208, 42082)
(24459, 42334)
(24459, 42334)
(24711, 42586)
(24711, 42586)
(24963, 42838)
(24963, 42838)
(25214, 43089)
(24553, 43089)
(24290, 42826)
(24290, 42826)
(24026, 42562)
(24026, 42562)
(23763, 42299)
(23763, 42299)
(23499, 42036)
(23499, 42036)
(23236, 41772)
(23236, 41772)
(22973, 41509)
(22973, 41509)
(22709, 41245)
(22709, 41245)
(22446, 40982)
(22446, 41644)
(22735, 41933)
(22735, 41933)
(23024, 42222)
(23024, 42222)
(23313, 42511)
(23313, 42511)
(23602, 42800)
(23602, 42800)
(23891, 43089)
(23229, 43089)
(22968, 42828)
(22968, 42828)
(22707, 42567)
(22707, 42567)
(22446, 42305)
